recid,givenname,surname,suburb,postcode
05802084,shhrry,crockett,jacksonvillf,28546
05153105,joshus,doss,kernersville,27z84
02637744,john,altemueoler,roaring river,2866q
02432740,georgia,hmlin,germant0n,27019
00757115,michael,krep,kannapolis,28023
06884811,lara,wildesem,winston salem,271o4
06089938,caroo,scottu,concord,28027
00619684,gerald,skiper,leland,284s1
04904930,vanejsa,conway,hutson,28638
07499981,larrv,holcomb,mount olly,28120
01187991,kathy,silbiger,duahham,2770s
02433539,diame,brant,burlington,27z17
04290366,robin,ztimac,raleigb,27613
02267384,kathy,crcocker,nashfille,27856
01428718,linda,mnceil,wilson,27873
07634017,bi,l,banner elk,28604
06066378,derixk,brazil,kannapolis,24083
00946427,taja,caahlton,raleigh,27615
04139052,wa|ter,hivll,asheville,28801
04972835,charles,tuahney,zanford,27330
07771014,kstrina,patterson,fayetteville,28308
04172108,gledna,jennings,pinancle,27043
03444337,nichole,prics,mocksville,27078
00400984,lewis,led,chsdbourn,28431
07931644,tsnner,wichmann,camp leyeune,28542
06739183,sherri,stpence,charlotte,26277
03155416,joana,alexanfer,warrenton,27589
00337072,eael,myers,hampstead,284q3
01534355,rosalyn,smkth,red spr9ngs,28377
04027567,teresa,bikelow,chapel bill,27516
06692191,fyllis,childs,hi point,27262
03696720,raywond,green,sherrilos ford,28673
05645508,spencer,gouveia,fort pragg,28397
02979760,michael,steer,raleie,27619
03076827,karen,nicholson,brevqrd,28772
07598410,andrew,millijgton,fayetteville,283l1
00033071,roy,whiteheaod,knighudale,27545
08137753,timjy,millingt0n,swannanoa,28778
07411077,elizabeth,woodwpard,chaoel hill,27516
03809531,jennifer,hensdill,charlott,2821l
03057221,laura,murohy,raleigb,27615
06632029,susanne,mcdniel,kannapolis,28081
03432401,xerri,wooten,rose hill,28408
03497433,jams,chambesr,charlotte,28270
07809279,sandra,bovvens,durham,2770|
05994146,anth0ny,sim5,winterville,28590
06557478,kimbwrly,mcdonald,marshall,20753
00697327,joyc4,conne,asheville,28806
07097905,vincent,y0well,salisbury,28347
06048362,rahdall,corpuz,ralejgh,27609
01727529,kimberlee,neal,kernersvi|le,2728q
07948027,john,f0x,monut airy,27030
03784397,thons,jmither,siler city,27344
06979926,laquanda,leaevn,whitsett,27372
02785115,jphn,lang,frisco,27930
02239322,ricky,prown,stonevilie,27048
02218231,leeh,griffith,lejoir,28645
03100019,baahbara,vetter,fuquay varina,275z6
05557044,samantba,alston,louistburg,27549
01299728,dor8s,forehand,pikeviloe,27863
04454659,charesa,brookst,norwood,281z8
05475811,mark,williamst,durhsm,27705
05407475,minni,griffin,chaahlotte,28215
07029589,michae1,marshke,claydon,27527
03294672,matthew,kird,morrisville,2756o
05029150,donahld,rilye,raleigh,27613
00000989,james,myers,lilesfille,28o91
02879649,jonathan,hollancl,holly springs,27s40
01040113,joseph,maeb,greensboro,27455
02828674,holly,cauaby,morgantpn,28655
03419126,daryl,mccall,old rort,28702
07003035,quan,solonon,mattbews,28105
05797640,jamelle,barnes,roky mount,27805
01942390,shane,warrpen,waynesuille,28786
02076686,debra,threevvitts,gaahner,27529
05532262,zuri,harriz,biscoe,27208
00920027,joanme,karaszewski,clayyon,27520
01538208,dorothy,apernethy,ashevjlle,28805
00260389,hi1da,hawkins,marion,28712
01678625,kara,williams,edenton,2793z
03531851,krisen,teed,matthews,28404
02837156,michael,donaldson,carh,27529
06086063,epony,owell,mooresville,28115
00945102,mary,deschanps,raleigg,27606
06492822,laura,griggs,point harpor,2796q
06378271,jacqueline,pryor,fayedteville,283o3
05865531,john,mclartv,blancb,27212
07450538,shila,fisber,chaahlotte,28227
01381903,fran,peam,lenoir,28645
07899632,stephen,bolu,wilmirigton,28411
01175263,laurie,garadner,maripn,28752
04906080,lewis,keliogg,chapel jhill,27517
02541452,ellis,grwer,jacksonville,28543
02178801,willism,keever,rutherfordton,20139
05680926,racel,boyce,tr9y,27371
07253433,whitey,watjon,cameron,28326
04196619,donna,dovvell,lexingtn,27295
06509994,jpencer,davia,greensboro,27407
06028996,dafid,maness,carthage,28317
05719550,wesley,edwads,wahaw,28173
06482855,allen,pride,charlotte,28218
02009639,shuler,pee|e,gibson,28363
01064698,judith,byers,raloeigh,27115
00490075,paul,futrelk,west end,27370
05171891,melariie,hughes,raleigg,27606
02601698,nicholas,bickisb,china grove,280z3
04130060,troi,allison,charootte,28214
06444063,johnny,frvar,dudlye,28333
01070017,lawrence,schhidt,charlotte,28927
00984149,robnie,yarbrou9h,prospect hill,27314
01652050,nancy yueh,lia,chapel bill,27517
08209229,enrico,davis,wadestboro,28|70
04366046,jhona,gari,charlotte,28z77
06852858,roberd,pender,new bern,28566
04871782,williak,jones,connelly springs,28692
01458774,james,wortman,lawnclale,28094
07779953,whitney,chek,carrboro,2751o
03813817,andrra,townsend,hillsboroue,27278
06130500,calbb,blacl<,burnsville,28714
04723033,christo0her,handv,elon,27244
06549476,andrew,mcc9rkle,chapel hi1l,27514
00693984,shirlev,campbell,lillington,27547
01148995,wayne,melton,rockinham,2837q
01234131,jown,johnson,julian,27253
02437314,julies,lea,purlington,272l7
03884641,philoip,pennell,taylorsville,2868|
08193440,heatber,parker,godin,28344
02838906,jaimi,nelaon,raeford,28374
03831531,jamez,barries,lucama,27851
01010196,edwin,williamj,wilmington,28809
02656643,rosalcyn,trammekl,charlotte,28273
02742637,keuin,jones,gasyonia,28052
04070763,katbryn,allen,moylck,27958
06173852,constance,rujsell,supply,2846z
00299399,jamef,durham,north wilkezboro,28659
03459003,brian,am0s,durham,277o3
05466492,bedky,lawson,roky point,28457
03934870,zean,barbette,west jefferson,28694
06379975,debra,wad,wilmington,28472
01098260,allieta,floocl,angier,275o1
01854463,rickev,hayed,charlotte,28214
05297254,judith,paxsoldan,wake forest,27787
00357514,hilda,furr,m0nroe,28130
04025669,kelley,long,whitevile,28482
04050498,samuel,pinet,morehead city,28551
06550796,maggie,stevns,nepo,28761
00915690,frank,rdgell,lilwlington,27546
04927402,chalres,garner,newpor,28570
06942197,samanha,mailand,charlotte,28270
01374827,paulaa,o'prien,charlotte,28227
00949610,bruce,sijmons,charlotte,282|6
07233175,sanclra,dudley,newport,28578
01035808,rega,violetto,burlington,27215
01789996,paul,thompdon,raleigh,276o3
06967245,aaron,jons,fayetteville,283l4
00765303,jahe,freeman,lexington,27215
05420906,jamrs,joly,asheville,28803
06445205,taheerah,sanders,laur8nburg,2835z
00474580,dorothi,hil,durham,27707
00970970,tamm7,hamlett,yancefville,27379
04304476,blane,al1red,lenoir,28605
05666880,josephine,kurt2,boonville,27o11
00301327,nancy,randolph,dopson,27317
05845172,edwrad,digam,raleigh,27614
00041323,thomas,haymore,inston salem,27125
04207598,loren,lanier,lexington,272g2
03359098,ckasey,ketzler,cullowbee,28723
04567996,brian,benriett,granite falls,2863o
03539323,katherune,pondwr,swannanoa,28778
02621600,jamej,fenvvick,mill spring,28756
06335653,jeffrey,stegmak,ral4igh,27603
01123999,malra,myers,advance,27o06
02506644,lillian,butler,ashecille,288o1
02270635,patrick,wrlght,greensboro,27755
00430147,william,holr,conovera,28613
05296148,linnie,whiet,maxtori,28364
01752711,angelia,johnson,chatbourn,28q31
03960629,david,thornton,mt glive,28363
05207289,tina,avial,lumberton,28348
01856578,wioliam,nolen,kastonia,28056
02477731,xiozmara,villalongo,st pauos,28384
07534144,daniel,bla8r,ashev'llle,28801
06281998,margaret,moore,blackamountain,2871l
00183957,conno,williams,angier,29501
00904094,jeanedte,wesne5,elizabeth city,27909
07398052,dimothy,byerly,archdzle,27263
06024362,banara5,khan,charlorte,28212
06825157,felicia,rhohdie,charlotte,282o6
08144977,dan,fulton,raleigh,276o3
03407000,shamewua,wilkers0n,louisburg,27549
05615967,james,smit,burlington,27z17
05733624,carmen,claahk,char1otte,28278
00642682,edith,bailey,connelly zprings,286|2
06662583,tarek,ibrahm,mount hoily,28120
03815403,janice,punn,vvilson,27896
01997924,clei,hmmond,high point,27265
04049493,rosemary,burk,wilmintgon,28403
03346286,mary,stevvart,chapel hill,27516
06359024,nikole,tozzi,grinville,27858
00193556,maru,rhyn,gastonia,28052
06294365,amber,parker,hickorl,28631
07887196,melissa,hrbert,charlotte,2826z
06479319,sohn,summerell,concord,28125
02619999,regina,lamotbe,raleigh,27916
00289080,bazer,carver,roxb0ro,2757q
07093680,wihdy,morrow,wake forest,27s87
02891854,james,russel,belhaven,2781o
06326142,meldoy,dollars,ra1eigh,27609
05969082,michael,bryamt,greensboo,27407
04716827,kimberkey,taylor,wils9n,27893
05280313,monisha,horgon,winst0n salem,27105
06223337,midhelle,hodgrs,thomasville,27360
07816808,ja5on,bledsoe,wilkesboro,28647
02109640,elanoe,clarlc,rowland,28383
07503946,recus,mkconago,lumber brisge,28357
01694603,harold,mardin,valw,28168
02611430,cheryr,stevens,corneliust,28031
04227945,erik,turnrr,charlotte,28210
05418023,milej,fitch,chapel hil,27517
00590977,loren,downs,fwyetteville,28311
03249326,timothy,supernaw,raleugh,276|6
05840344,johann,cib0th,pikeville,27823
05357440,melanie,segundo,durbam,277o4
06389430,bi1ly,kign,reidsville,27320
07281114,carne,pendec,charlotte,28273
01718011,ricbard,balsz,raleigh,27613
02833017,elizabeyh,inman,hendersonville,287q1
03134031,joseph,drakue,brrvard,28712
06629911,miressa,garoma,ralegih,276l7
00141403,georyge,stallings,henderson,27597
00662189,randy,millerz,ahoskie,279|0
01232146,jesse,bronw,durham,277o3
06790636,bogby,layne,greensboro,27q08
08075769,marcujs,woodrig,raleigh,27604
00207088,allce,sherrill,charlotte,28z05
07996214,walter,hawes,monror,28114
01138703,wilfred,caukk,bennstt,27208
03606488,jame5,summey,lincolnton,280q2
06529159,tommoe,winston,roccky mount,27804
01955429,dona,pean,belmont,28012
06323269,jennfer,lambert,ayden,28563
03252117,kimperly,groendal,eden,27286
03208305,diana,heclrick,winston sal4m,27107
05668570,april,pr0ffitt,boon,28607
07136691,shane,padron,caey,27s19
02282295,lyne,lewis,hickory,28691
01017597,cheryl,gentry,durhan,27709
02130623,melapie,pate,dunm,28334
03122623,ma4c,goldman,durham,27507
02532766,arn0ld,mordon,pleasant garden,27313
03918076,rachle,cohen,charlotte,20277
07207445,bradlsy,ala,greenzboro,27401
01571243,manuel,hairston,greenhille,27837
02751263,conn'le,thompon,goldsboro,27530
05776789,richard,delvecio,hicckory,28602
05212247,sustin,dixon,morganton,28675
01273046,robert,hevry,charlitte,28270
02896383,joanne,hayrs,eastover,283|2
04593335,juaith,dean,hamlet,28045
00397381,charled,waterw,grantsboro,28529
04718770,melijsa,pittmari,carthage,28327
00867517,jusan,reed,boine,28607
04461780,donald,gentry,north willesboro,286s9
02542912,mitchell,pilcher,fayettev8lle,283|4
07428548,ashley,douglss,durham,27723
01463173,ro5a,bailey,fayentteville,28306
04262297,james,totd,whiteville,2847z
01381334,sames,sturdivant,charl0tte,28215
01521792,jeri,youg,pittzboro,27312
07997788,anthoni,alvar3z,raleigh,27604
02661046,steuen,gore,iron station,28040
00669829,pharnella,rowson,rouper,2797o
05788034,patricia,paolella,lillin9ton,27549
07848307,jerry,frascona,monr0e,2811o
03604111,kaylon,nichols,rocku mount,278o3
04825051,michael,adams,haysn,28615
05781066,brittany,rics,cridmoor,27522
04936077,debekah,whitlye,albemar|e,28001
05693776,rejinald,smitb,elizabeth city,27909
07229315,tillon,reece,weavervilile,28787
05501638,kimerly,warreri,fayetteville,28312
00304379,ruth,johns0n,north ilkesboro,28659
01880831,donnie,jones,middlese,27s57
02100519,stephen,dinkler,newton,28638
06896323,qvvamaine,hatten,gaztonia,28052
03645101,india,black,chaahlotte,2821o
03570230,dona1d,stewart,dun,28334
03779070,joanria,sipje,pittsboro,27312
02111345,michele,francois,hick0ry,2860l
01530787,marceil,jolly,shelby,28154
00123054,iva,sawver,plymuoth,27962
07751887,va1erie,barnes,pfafftown,270q0
01565399,melodye,sutherlana,wake foest,27587
00181180,alfret,cox,ajheboro,27205
00808786,annie,byrd,roano1<e rapids,2787o
07510991,jimmy,robinson,monrle,28180
00167107,james,lambeth,asheboo,272o5
03806032,gary,can6rell,mooresvijle,28117
03381488,lori,alen,lincolbton,28092
03412057,james,byrcl,ne bern,28560
07543611,kyle,kentrey,snow camp,27849
01596559,mary,clapsaddle,lauronburg,28322
05485094,ckevin,wv,carrboro,27510
05108913,micbael,allred,linkolnton,28092
01724686,ramon,basatldua,charlotte,28308
06921195,micbael,anderson,newpor5,28570
05838909,tia,dix0n,henderson,27s36
01521376,robert,hilo,greensboro,27610
03007639,charle5,viverette,wilson,278g6
06276518,cayjeon,mkdonald,charootte,28277
04441069,stevej,wilson,morgandon,28655
04784491,elizwbeth,vaughan,charlott,28210
06364091,teddy,segvin,denger,28037
00233200,rogre,edwards,roaring ricer,28669
06129035,sherr8,hucks,monroe,28112
00603090,lea,amso,sandy ridge,27046
06800193,jimmy,crump,xarlotte,2821q
05132149,janice,klark,maxton,z8364
04073369,william,millz,concord,280z5
03720716,pamela,roperson,rofcky mount,27804
07043374,brian,allev,chian grove,28023
01033398,dillenwe,shan0n,seven lakes,27376
05300091,dav:d,gryder,boone,286o7
00870334,linda,kerniyck,ashevilke,28805
07677472,elnsha,edmundsorn,durham,27703
01306605,william,carperiter,smitbfield,27577
00502495,ro6,thomson,richlands,28574
06391963,tara,chulders,aepx,27539
03721778,josekh,hawknis,concord,28027
04675700,floyd,higgz,arden,28794
04881111,geealdine,guwang,sanfojrd,27332
06900496,linda,malorie,oak island,28462
04134959,keasha,purgess,fayeyteville,28314
01385114,robert,blalocl<,charlotte,28229
03642221,anclrea,novai,fayetteville,28303
05732687,joahdan,mooer,raleigh,27607
01040291,alexis,tennie,winston aslem,2710s
04757789,cynthia,valdez,ckernersville,27z84
05696680,traky,beck,car,27513
05112330,april,schaefer,wilmngton,28q03
06700869,monique,wadej,high point,2726s
06392681,brian,pawqluk,cary,27533
05603846,richard,balladr,atkinsoj,28421
06855412,colemam,greene,chapel hill,275|6
06627967,john,simmlms,high point,2726s
06331032,neif,panjwani,durham,277o5
06968809,jeffry,dion,cayr,27518
06585320,gregory,osborne,cadler,28765
04406290,lihda,fulbriht,hickory,28602
05344021,wioliam,henldey,mocksville,27028
00986193,barry,hucller,wilkesboro,28497
01832482,tauva,little,inston salem,27107
03308118,michel,branton,angier,27508
05679260,teborah,johnston,roccky point,28457
00958868,janr,chouqvette,asheville,28803
01605450,teresa,cauely,jacksonville,28545
05004352,zaxhary,bonilla,hendersonvile,28792
06497657,jewel,cope,burlintgon,272|7
07741655,sydney,spangler,monro,28152
07989994,micbael,washingtol,durham,27705
07056216,georbe,brandon,blankh,27212
03490995,glebn,newton,coleax,27235
05921319,stephen,scudder,greeosboro,27608
07654273,lashanda,parkon,conocer,28613
02955055,amrk,drir,raleigh,27614
07537852,michael,lee,ralei9h,27600
04217167,tangia,horley,garland,28444
01316690,rachsl,clifton,faisom,28341
07431927,stephem,morris,faretteville,28311
03920950,jalql,nadims,cary,27519
02641927,danny,david,mariteo,27954
03072702,keith,brown,charl0tte,282o5
05735831,susan,wyleah,chapel hill,27s16
06168222,cxmeron,sherrin,charlotte,2826g
04550179,gregory,harrison,wake forest,27587
01621161,tammy,warner,asheville,28804
02477446,troy,brittain,lawndale,28090
03194661,ashley,dial,red springs,28377
06926869,lisa,roseman,leland,28451
00070048,james,bailey,kinston,28501
05094944,melissa,rose,advance,27006
06033594,betty,johnson,henderson,27536
05490170,william,cannady,wilmington,28403
07695425,deonta,harris,rocky mount,27801
03552115,evelyn,ochs,winston salem,27106
00595268,dwight,youngblood,smithfield,27577
07307460,kameron,hunt,st pauls,28384
00152219,hazel,pullen,enfield,27823
01598273,carlton,phifer,peachland,28133
06094610,lindbergh,allen,rocky mount,27803
03347826,marshall,hancock,greensboro,27407
04372035,sherena,bethea,winston salem,27110
03866033,jessica,young,indian trail,28079
01618417,nancy,baker,sanford,27332
01880219,tracy,fries,charlotte,28215
01194629,richard,king,gastonia,28054
00517365,sylvia,bailey,kernersville,27284
02929163,gina,hill,raleigh,27604
07727952,richard,hewlett,charlotte,28273
07834385,danny,hinson,biscoe,27209
01811866,timothy,henderson,gibsonville,27249
06854934,rodney,honeycutt,willow springs,27592
00551780,preston,alligood,washington,27889
05744133,brenda,arce,clayton,27527
05912913,brittany,perry,wilkesboro,28697
08104162,ryan,grecus,charlotte,28269
03554344,rodney,keller,spring lake,28390
01332271,michael,mccullen,mt olive,28365
04371596,john,nemeth,raleigh,27616
05005673,margaret,indemaur,raleigh,27615
06032303,lateshia,lacy,rocky mount,27801
03427800,ronald,harycki,matthews,28105
07569951,hannah,murphy,washington,27889
07858041,sarah,rogers,asheville,28804
04848441,johnathan,clark,fayetteville,28304
06194998,michel,bailey,selma,27576
04233151,deborah,thompson,charlotte,28210
01792296,catherine,brenneman,raleigh,27615
05583845,dennis,sinclair,pollocksville,28573
01191238,janice,queen,grover,28073
06202042,jesse,harlow,matthews,28105
05970173,ashley,wade,greensboro,27401
00717321,tishie,daniels,kernersville,27284
07266403,malikah,eunice,charlotte,28212
07716464,anne,schwabland,swannanoa,28778
06173872,antonio,mcnair,wilson,27896
01132684,carolyn,black,greensboro,27403
05436397,theron,terry,raleigh,27609
07107615,claude,chamberlain,mebane,27302
08223846,shannon,patrick,robersonville,27871
06111281,johns,hargrove,norlina,27563
06746578,kimberly,stokes,elkin,28621
07149404,jerry,bentley,wilmington,28409
03080536,kristina,fuller,winston salem,27105
03414919,charles,cox,fayetteville,28303
01864249,wilhelmina,battle,rocky mount,27804
05033819,nikkol,whittington,louisburg,27549
03353463,sung han,cho,charlotte,28277
02088676,lisa,simmons,greenville,27834
02467648,larry,stevens,trinity,27370
00698128,victor,kopecky,wilmington,28405
07133776,andrea,fender,charlotte,28227
05725041,mishew,barnes,henderson,27537
03557205,jean,atkinson,rocky mount,27801
05987439,donlinielle,long,rural hall,27045
05458354,lincoln,jackson,southern pines,28387
01770510,linda,fitzgerald,greensboro,27406
04843418,johnny,taylor,archdale,27263
00924352,margaret,thompson,concord,28027
07539890,james,mash,statesville,28677
04597365,william,keith,stem,27581
03109446,terry,waranch,greensboro,27410
06912466,diane,herzler,hickory,28601
01014361,william,kopkind,cary,27511
01321857,leroy,warrick,four oaks,27524
08045887,veronica,campbell,lillington,27546
01104455,william,goodson,waynesville,28786
00176487,kay,brooks,bullock,27507
06624041,jasmine,white,winston salem,27110
01003957,william,lamb,statesville,28677
03068714,adam,cohen,fairview,28730
00791900,evonne,wilhelm,gastonia,28056
04820086,lisa,miller,durham,27707
05677267,betty,wilson,chapel hill,27516
06678736,richard,ferebee,youngsville,27596
02182955,gale,kirk,richfield,28137
04293215,josiah,green,durham,27713
05422078,christy,jiang,concord,28027
06197574,virginia,goodwin,mocksville,27028
00263360,alice,wilkerson,farmville,27828
03512312,michelle,holloman,charlotte,28216
07494080,charles,baltzell,boone,28607
05224938,brandi,kidd,matthews,28104
02504041,owen,sherman,fayetteville,28304
07578128,anthony,desantis,carolina beach,28428
05445058,brian,smith,gastonia,28056
07081785,mary,buchan,winston salem,27127
03520237,lynette,hill,conover,28613
00663668,cynthia,hovis,lincolnton,28092
03613094,lynda,howe,charlotte,28277
00572055,peggy,teague,wilmington,28409
01352042,karen,small,jamestown,27282
05843779,jesse,keezer,camp lejeune,28542
06601363,kelly,fairfax,cerro gordo,28430
08058102,diane,brown,edenton,27932
03377098,krista,hultgren,thomasville,27360
04726788,leah,ward,apex,27502
05675540,jeffrey,smith,durham,27705
01770019,sally,farrington,fayetteville,28314
04593978,michael,diehl,jacksonville,28546
00641452,jeane,deyoung,greensboro,27405
00487925,william,byers,china grove,28023
01219892,peggy,broyhill,millers creek,28651
02316856,dearise,satterwhite,oxford,27565
07410919,kim,dolschenko,charlotte,28273
03374433,trudie,rainwater,lincolnton,28092
00676293,robin,lewis,mount airy,27030
05819901,gary,webb,denver,28037
04636756,nhia,yang,hickory,28601
05912937,lauren,arata,boone,28607
00142203,janet,graham,lumberton,28358
07739957,joshua,gamble,pineville,28134
06720307,david,newton,charlotte,28209
07818585,dawn,lacy,kannapolis,28081
07485553,cassandra,sims,fayetteville,28314
00746489,james,morrow,graham,27253
07091172,deidre,lambeth,west jefferson,28694
03985289,michele,villanueva,charlotte,28277
00642298,hilda,metcalf,asheville,28803
04832195,paul,otten,sanford,27332
06367933,chinwe,chukwurah,wake forest,27587
00433891,franklin,bode,mount airy,27030
04432446,janet,jenkins,princeville,27886
06579585,noelle,smith,winterville,28590
06355469,jennifer,onetto,wilmington,28411
02410707,lindsay,miller,lewisville,27023
06870983,kimberli,goodwin,hillsborough,27278
05752218,jarrid,white,charlotte,28216
04045302,steven,harmon,charlotte,28212
00262394,sheila,wilkinson,lincolnton,28092
02656499,norman,rhone,wake forest,27587
00810626,laurence,acquesta,cary,27511
05523657,nathan,wolfe,swan quarter,27885
00698211,dorothy,evans,wilson,27893
02479013,richard,maness,wendell,27591
01721973,keith,loughlin,charlotte,28207
06014744,danny,smith,high point,27265
04193190,sonia,ochoa,stoneville,27048
05244650,michael,evans,browns summit,27214
01475194,jamie,singleton,newland,28657
04582925,stephen,tenney,west jefferson,28694
02969874,john,whitehead,raleigh,27610
05894226,delila,elsayed,chapel hill,27514
02075548,richard,callaghan,raleigh,27613
01538934,tyler,plante,leland,28451
06415367,ben,ruffin,greenville,27834
00631497,ophelia,abney,charlotte,28208
01489770,ella,holley,colerain,27924
04653694,liliane,thomas,swansboro,28584
02737829,keith,riva,greensboro,27409
03921114,amily,mccool,durham,27703
04901496,philip,jenkins,charlotte,28277
05902793,jacqualine,stowe,charlotte,28208
07351079,travis,burns,morganton,28655
02383643,tracy,crawford,greensboro,27407
00961682,lisa,white,newton grove,28366
05536569,dorothy,mcatee,wilmington,28401
05294707,nathaniel,davis,greensboro,27407
01168986,david,mitchell,seven lakes,27376
06646151,sandra,wall,clayton,27520
04533420,joyce,goodwin,creedmoor,27522
04255845,david,michael,charlotte,28210
02903524,baxter,covington,monroe,28112
00777717,joey,stine,taylorsville,28681
01925430,marta,cox,monroe,28110
07431914,angelina,crist,willard,28478
00693413,kathryn,nelson,north wilkesboro,28659
03196317,katherine,yost,midland,28107
04539322,william,abee,hickory,28602
07244229,edna,stancil,chapel hill,27514
05791131,johnny,mcmurran,elizabeth city,27909
00330960,muriel,bowes,roxboro,27574
06748595,mitchell,banks,whitsett,27377
06165363,christopher,tansey,nags head,27959
07932900,ashleigh,hammac,raleigh,27605
05935467,joseph,johnson,taylorsville,28681
03359877,james,folds,wilmington,28403
01130447,james,howard,magnolia,28453
06691303,samantha,davis,haw river,27258
07615974,damian,humphrey,knightdale,27545
05242339,elton,smith,wake forest,27587
05504449,beatrice,johnson,topsail beach,28445
01265055,barbara,keaton,riegelwood,28456
04269078,daniel,hall,boone,28607
00105124,donald,mccoy,raleigh,27610
03388267,byron,scott,statesville,28677
01864760,brenda,chappell,walnut cove,27052
00106499,jean,finch,raleigh,27612
05235077,james,short,rutherfordton,28139
06395308,diana,king,smithfield,27577
00558102,jennie,moody,vilas,28692
06755555,sarah,berger,cary,27513
04366971,john,ellis,raleigh,27605
01933045,brenda,holt,lexington,27292
01691526,rodney,mccoy,greensboro,27405
01179897,arlan,elkins,weaverville,28787
03203080,james,boshers,marshville,28103
04291568,carol,patrin,fayetteville,28314
05446721,kourtney,clark,hickory,28601
07251335,felicia,schmid,calabash,28467
04888221,brian,moynihan,carrboro,27510
04162029,dondiego,rivers,hamlet,28345
07764342,constancia,landaverde,salisbury,28144
03972701,lona,dillow,raleigh,27604
00384727,bobby,jarvis,kitty hawk,27949
02641888,regina,archia,winston salem,27127
04660900,sabrina,kenor,raleigh,27606
00900399,beverly,humphrey,deep run,28525
04140520,jacob,provence,fayetteville,28314
02645236,john,steen,new bern,28560
05737391,amanda,desoto,charlotte,28270
07630584,ryan,zakany,wendell,27591
07000073,jason,borjeson,fayetteville,28311
05581445,jeffery,norman,shallotte,28470
04242472,patricia,campbell,canton,28716
04145535,kristie,stewart,raleigh,27609
06408901,maurice,green,greensboro,27455
01335198,terry,beals,asheville,28804
08007464,anne,reese,fayetteville,28312
03185711,richard,johnson,cornelius,28031
00011262,betsey,coble,raleigh,27612
05702222,michelle,allen,carrboro,27510
07331421,tia,kennedy,kings mountain,28086
05179292,eileen,sahlin,wilmington,28405
04258209,derrick,bing,charlotte,28216
01029796,donald,wray,ellenboro,28040
02340657,sarah,morris,raleigh,27604
07532587,jerel,boyce,winston salem,27107
03374091,tiffany,traxler,kernersville,27284
07843182,katharine,parrish,fuquay varina,27526
06943671,elizabeth,holt,asheville,28805
07417912,marilyn,church,sparta,28675
04099574,james,gates,winston-salem,27107
06207792,julia,loucks,jacksonville,28546
01679589,john,mcculloh,woodleaf,27054
06823048,martha,love,columbus,28722
06525687,christopher,clark,raleigh,27607
06266160,katherine,collins,jacksonville,28540
03728159,patricia,dickerson,hillsborough,27278
01514609,philip,abernethy,asheville,28806
03054869,tamika,mathis,concord,28025
02160813,jennifer,pike,candler,28715
01540691,james,asbill,kinston,28504
03051007,latisha,rogers,winterville,28590
07193731,ashley,wolff,cary,27519
03543589,carol,maples,lillington,27546
04919919,sarah,cochran,bryson city,28713
03199647,john,smith,carthage,28327
03637150,anthony,hyman,new bern,28560
00072565,betsy,faucette,sanford,27330
08049173,tonya,loveday-whitley,greensboro,27408
03016429,brenda,brim,winston salem,27101
05124418,patricia,linin,asheboro,27203
05460784,virginia,curry,claremont,28610
06663640,bryan,clayton,cary,27519
01742660,margaret,brown,winston salem,27106
07770939,tiffani,parrish,cullowhee,28723
05023046,carolyn,mcdonald,washington,27889
01670672,carolyn,lentz,winston salem,27106
01045651,devoid,daniels,nakina,28455
07872311,heather,burris,dallas,28034
03151828,david,ambaras,chapel hill,27514
00973934,huldie,ackers,winston salem,27105
06819799,denise,stone,kitty hawk,27949
01175828,grace,adams,mount airy,27030
07669002,stephanie,briggs,franklin,28734
04344512,angeline,taborn,durham,27704
04808527,arlita,murdoch,newport,28570
03597536,peggy,tucker,thomasville,27360
06931305,stephen,riegler,durham,27713
06926192,james,kierstead,wilkesboro,28697
04551144,james,scoggins,summerfield,27358
08168947,cortney,stephens,greensboro,27407
04068738,mary anne,pulley,charlotte,28212
05423317,erik,lash,raleigh,27610
00157632,john,barnes,high point,27260
03942595,jennifer,song,apex,27502
05601011,rebecca,turner,raleigh,27610
07344037,sonia,joyner,statesville,28677
07160584,christopher,swart,castle hayne,28429
00207276,carolyn,thornton,durham,27707
01108572,kimberly,pennell,moravian falls,28654
06640994,emilie,esposito,cary,27519
02793447,bruce,huggins,mooresville,28117
05923523,laura,flewelling,clayton,27527
07685581,lystra,john,greensboro,27401
03456144,diana,marks,cary,27519
02286360,ramada,coppedge,nashville,27856
00545912,pearl,oglesby,salisbury,28144
07365990,karri,griffith,hickory,28601
03087488,helen,taylor,charlotte,28270
05639632,timothy,patterson,mooresville,28117
06748932,nila,parker,manteo,27954
02817811,sherryl,fitzwater,taylorsville,28681
07512534,lisa,blackwood,southern pines,28387
04443645,oscar,harrington,broadway,27505
04212366,sharon,liles,cary,27518
05304880,christopher,lamb,matthews,28104
01651143,jackie,mashburn,franklin,28734
02103332,vicki,behrens,carrboro,27510
05767895,lisa,hunter,winston salem,27103
04853554,james,miller,mooresville,28115
06044730,beverly,dixon,cary,27519
04599426,john,daly,raleigh,27615
04305070,tracy,amos,waxhaw,28173
01793683,per,crenshaw,raleigh,27609
00518148,wesley,johnson,high point,27263
04462125,davida,bines,elizabeth city,27909
02281105,paul,danzis,durham,27705
07873535,emily,hicks,fayetteville,28312
06903489,judd,pipes,elizabeth city,27909
08231897,leighanna,small,lumberton,28358
02954005,james,spray,pisgah forest,28768
05180013,bonnie,owens,grover,28073
00689661,gwendolyn,todd,whiteville,28472
05698238,kelvin,walker,raleigh,27610
03378234,michelle,williams-mcnair,charlotte,28215
05298165,rachel,croughwell,hillsborough,27278
06182129,esther,thompson,wilmington,28403
00863080,edna,heath,chapel hill,27516
02783195,kathleen,marino,cary,27519
05292377,yoni,ochoa,youngsville,27596
04827813,david,barefoot,dunn,28334
04907398,kristy,miller,jacksonville,28540
07534044,arlene,williams,durham,27703
06750852,willard,massey,selma,27576
02708293,shirley,ramsey,mooresville,28117
07848466,andrew,wines,willow spring,27592
07202874,willie,dowd,greensboro,27406
04886442,laura,coffey,candler,28715
03554455,milton,brickhouse,columbia,27925
06320145,jessica,mcleod,fuquay varina,27526
06213667,deborah,dempsey,boone,28607
04695268,david,baird,boone,28607
07562755,william,jones,fletcher,28732
04994981,clinton,compton,smithfield,27577
05852742,dorothy,dennis,mooresville,28117
03280113,dorothy,tessler,huntersville,28078
00568552,evelyn,johnson,rose hill,28458
03289978,shelley,stancil,huntersville,28078
05617325,martha,orman,raleigh,27604
05879857,jeanne,myatt,winston salem,27103
00577191,dorothy,estridge,charlotte,28210
07966929,shakera,smith,winston salem,27106
03388652,timothy,sarraino,durham,27713
01660461,judy,watts,brunswick,28424
08105144,marlen,amaro,charlotte,28202
02453985,thomas,norman,waynesville,28786
05303103,adam,holifield,wilmington,28411
01728756,brenda,cofield,nashville,27856
02187155,carolyn,curson,durham,27707
06344739,nicole,nazarovich,matthews,28104
03546564,kimberly,young,benson,27504
04914570,amy,prater,salisbury,28146
04925413,teddy,mccloud,lenoir,28645
07483425,shanika,barnes,greensboro,27455
00476841,gary,garner,randleman,27317
03775046,jessica,stackhouse,concord,28025
07135002,nikki,chaffin,lexington,27295
01373608,frances,balchunas,charlotte,28227
01752042,terri,robinette,connelly springs,28612
04219507,meghan,hedglin,morrisville,27560
02580324,robert,james,black mountain,28711
07178933,angela,ross,new bern,28560
04229794,mary,knott,charlotte,28269
01206710,mary,bullock,henderson,27537
03690731,ruby,sweatt,conover,28613
06735343,morgan,dawson,elizabeth city,27909
01842441,jeffery,judy,huntersville,28078
01210521,gregory,myers,thomasville,27360
04142623,amy,postoak,cherokee,28719
07010131,jaye,graber,spring lake,28390
03041877,dorothy,coleman,arden,28704
07862507,joel,anderson,chapel hill,27516
06893587,dana,philipp,asheville,28803
06647314,cindy,roberts,franklin,28734
03059313,joanna,chantemerle,asheville,28803
07488695,abigail,douglas,wilmington,28403
06565905,ruth,robinson,knightdale,27545
03275609,lauren,milstead,statesville,28625
03372872,michael,edwards,winston salem,27103
04208838,deborah,williams,charlotte,28208
00248950,thomas,wright,raeford,28376
03052722,mark,brittain,hickory,28602
01557249,carol,smith,cary,27511
07196028,lisa,andrews,cerro gordo,28430
08151634,martrice,askew,durham,27703
02753578,carrie,vinson,jamestown,27282
03818267,christine,dinan,rocky mount,27804
03997352,desmond,keyes,greenville,27834
01235985,george,taylor,rockingham,28379
05549513,walter,wiggins,winston salem,27103
03937480,robert,parker,henderson,27537
03788169,lindsey,cole,wendell,27591
02573938,yvette,fuller,shelby,28150
03415953,marilyn,farrell,cary,27511
04661240,ray,moore,kenansville,28349
04507408,robin,angel,high point,27262
03765187,herbert,kirlew,coats,27521
00837742,cecil,bowden,angier,27501
02996469,rachel,jones,raleigh,27609
00549466,charles,stanley,salisbury,28146
06243418,andrew,buckley,high point,27260
07879025,dennis,nagle,wilmington,28412
07664427,joseph,pastore,wilmington,28412
00948569,mary,morgan,marion,28752
05526105,gloria,elizondo,raleigh,27607
04673329,allen,melvin,fayetteville,28312
07092114,michele,young,kernersville,27284
07457548,cody,quinn,beulaville,28518
05191634,pamela,champion,shelby,28152
05185581,johnathan,hall,newton,28658
02340250,billy,mccorquodale,wade,28395
05004377,cara,mcgrath,ayden,28513
00795919,nancy,cody,hayesville,28904
03169109,meng-lan,pao,cary,27511
06888123,darrin,schmitt,raleigh,27616
03193391,barbara,goetcheus,hendersonville,28792
01948860,deborah,finch,newport,28570
06436666,jerry,carswell,north topsail beach,28460
00879955,jack,callahan,china grove,28023
05587594,bertie,hoyle,salisbury,28147
04925956,chester,gay,sanford,27330
03987518,william,slavinsky,apex,27523
07231184,jesseca,keller,matthews,28104
03946879,evan,napoleon,boone,28607
00979964,thomas,pardue,elkin,28621
05313387,thomas,macon,winston salem,27104
04927644,richard,rankin,fayetteville,28304
02538478,joy,o'toole,highlands,28741
03948927,jennifer,helf,pfafftown,27040
08125527,james,huntley,rockingham,28379
03726652,sharon,doby,archdale,27263
05513915,jerome,chen,durham,27713
07663677,jeremy,carpenter,middlesex,27557
07977120,joseph,clough-androes,charlotte,28274
01311768,robert,wilkes,wagram,28396
04362706,randall,moses,asheville,28806
03865326,erin,martin,boone,28607
03121166,michael,gannon,forest city,28043
01108685,jerry,sloan,asheville,28804
03580798,jessie,anderson,greenville,27834
00830774,edward,lewis,charlotte,28217
06295596,brandon,doby,advance,27006
01693375,john,moore,madison,27025
05866010,stephanie,lowmiller,burnsville,28714
04840794,nathaniel,holland,cullowhee,28723
00717413,james,edwards,norwood,28128
07486641,kelly,mccrary,winston salem,27107
06904971,michelle,mathis,roaring river,28669
03037556,george,aux,durham,27712
03338010,laressa,kschinka,southern pines,28387
07452339,alexander,hamilton,raleigh,27609
03450919,ruth,gibson,monroe,28112
01379338,kathleen,hohrmann,matthews,28105
03974512,alain,hayer,corapeake,27926
01567646,evelyn,jackson,charlotte,28202
00669395,debra,wallace,mount holly,28120
01777972,vera,johnson,new bern,28562
03980486,richard,cogdill,asheville,28804
05911090,daniel,haywood,asheville,28804
00524611,martin,hagwood,zebulon,27597
05282051,kimberly,shoffner,charlotte,28216
00587380,anne,collins,westfield,27053
03235573,flordeliza,rabert,jacksonville,28546
00374320,lettie,smith,germanton,27019
02882004,violet,godfrey,lenoir,28645
00809363,steven,edgerton,raleigh,27613
01459905,sarah,smith,hamlet,28345
01021813,joseph,nance,franklinville,27248
00529273,judy,elliott,lawndale,28090
01143521,randy,miller,statesville,28625
07157928,chrisdetta,young,smithfield,27577
07748703,courtney,westbrook,fayetteville,28314
03442914,ashlie,hudson,stokesdale,27357
01442436,robert,williams,stokesdale,27357
05416237,bridgett,parsons,charlotte,28208
06996777,michael,thrift,concord,28025
07816934,john,powers,fayetteville,28304
01916995,bynum,jordan,deep gap,28618
00921568,jeanette,lavriha,belmont,28012
01278444,willie,hayes,colerain,27924
01248411,robert,cloninger,dallas,28034
00906340,debra,neal,lucama,27851
07072320,charlie,sides,greensboro,27410
02256973,patricia,davidson,advance,27006
02431462,lanny,voss,hamptonville,27020
07545974,michael,klenck,mooresville,28117
05163662,ronnie,cole,emerald isle,28594
07366680,david,small,winston salem,27106
05375565,lorenzo,battle,greenville,27858
04442177,gregory,hrncirik,charlotte,28209
04491880,amanda,triplett,new bern,28562
05273019,david,grady,kinston,28501
02429125,jacqueline,steed,clinton,28328
02686156,reginald,williams,lumberton,28358
02092085,ronald,wood,lowgap,27024
00397860,bobby,mcfarland,boone,28607
04985344,natalie,moore,advance,27006
01845771,tangela,anderson,gastonia,28056
05328710,michael,saunders,charlotte,28269
01512468,shirley,cordovano,greensboro,27455
01237946,harriett,werner,oriental,28571
03413989,roderick,brown,arden,28704
02136028,shelia,lingle,salisbury,28144
05687236,adam,martin,raleigh,27609
06926268,heather,riddle,snow hill,28580
04641692,manuel,tezanos,fort bragg,28307
02716285,andrea,shore,high point,27265
01958914,george,hamill,fountain,27829
05800601,mario,williams,raleigh,27616
00057515,ella,english,charlotte,28205
01119224,linda,brazell,wilmington,28412
05866682,amy,eberling,goldsboro,27534
00874661,deloris,brown,riegelwood,28456
06799024,kyle,brown,tryon,28782
04423530,carrie,joiner,wilmington,28409
01687004,susanne,simons,greensboro,27410
06104315,phillip,jones,mooresville,28117
04038088,cory,blalock,winston salem,27104
07102216,debra,pearson,clyde,28721
05108101,james,jolly,trinity,27370
05044315,randy,cranford,thomasville,27360
01880916,toby,barnette,durham,27703
00047128,john,linton,high point,27263
04136279,calvin,parker,powells point,27966
02848321,bonnie,beaumont,dunn,28334
05612560,eden,young,newland,28657
05019680,john,clay,bunn,27508
05558834,aliyah,dukes,durham,27713
02653168,royce,grantham,benson,27504
00822530,joseph,free,charlotte,28226
00676611,isabelle,roundtree,vanceboro,28586
02195165,tanya,chapman,bunnlevel,28323
01014617,clarence,saulter,raleigh,27601
05151657,catherine,nash,smithfield,27577
07303738,nina,berner,beaufort,28516
08029407,chelsea,baldwin,hope mills,28348
04941227,jeanette,jamal,monroe,28110
07195681,michael,horton,clayton,27527
00561426,daisy,sheldon,cape carteret,28584
00704926,francis,watkins,canton,28716
06408430,john,salsburg,gastonia,28054
07984440,philip,panapasa,fayetteville,28314
00208971,stephen,tutor,durham,27704
07249612,benjamin,calhoun,carrboro,27510
07436022,joquawn,crews,greensboro,27403
02634671,evaughan,brafford,greensboro,27455
03000957,janna,deegan,pittsboro,27312
01609292,linda,raxter,lake toxaway,28747
06874746,brian,althizer,new bern,28562
00322978,ruth,miller,dobson,27017
05215476,asa,gregory,wilson,27893
08132434,jami,desentz,clinton,28328
02935845,waymon,sutcliff,wilson,27896
07388282,jodee,nimerichter,durham,27705
01300263,kimberly,jordan,tar heel,28392
00429682,sarah,dorman,coats,27521
03338327,sharon,chambers,eden,27288
05720895,mary,dover,raleigh,27604
05214259,kimberly,nunn,wake forest,27587
02138621,suzanne,shields,albemarle,28001
04474689,holly,robertson,greensboro,27455
02690365,vivian,chatham,pelham,27311
06331088,david,kelly,chapel hill,27514
01090618,jean,clark,corapeake,27926
05520885,matthew,price,china grove,28023
04069559,timothy,ames,concord,28027
02781314,ethan,marshall,pittsboro,27312
08066531,dawn,howrey,raleigh,27612
04095813,allison,delong,cameron,28326
03676647,veronica,hall,jacksonville,28540
03883520,jeanne,beal,carolina beach,28428
06652863,nathaniel,warren,apex,27502
01594083,dannie,blackmon,greensboro,27405
00694229,richard,alexander,warrenton,27589
01932963,marcella,kanupp,hickory,28601
01119806,horace,mckinney,high point,27262
06500527,mary,wincek,charlotte,28269
05692147,clifton,bolden,jacksonville,28540
05374879,shameeka,wansley,charlotte,28214
01915178,judy,hartley,franklin,28734
05747347,victoria,guerrero,newland,28657
01374511,diana,jackson,huntersville,28078
05806137,tamanisa,lewis,oxford,27565
01816601,jeffrey,clodfelter,winston salem,27127
05039366,christopher,kessler,wilmington,28403
00886662,walker,worth,fayetteville,28303
05535829,ashley,little,wadesboro,28170
04666816,michael,ewing,elon,27244
01915344,cynthia,darcy,boone,28607
02965758,doris,washington,williamston,27892
07141398,daniel,courts,reidsville,27320
01112789,nancy,elledge,millers creek,28651
07407227,lindsay,newsome,youngsville,27596
03484482,harriett,purves,durham,27705
02239179,juliet,wysinger,fayetteville,28314
06191390,westney,cross,greensboro,27407
03930947,june,myers,greenville,27858
03291302,ray,rumsey,charlotte,28227
05819069,napoleon,carpenter,rutherfordton,28139
00952311,virginia,burris,new london,28127
04096838,shannon,janko,charlotte,28209
03205505,anne,boyd,princeton,27569
05046655,paula,henry,bald head island,28461
01159606,larry,collier,summerfield,27358
05140591,james,parrish,plymouth,27962
03651221,harold,johnson,washington,27889
00095263,florence,gibbs,hendersonville,28791
05287974,evan,bourassa,cornelius,28031
07535432,brittany,gwinn,charlotte,28269
03044967,pamela,marovich,richlands,28574
07214750,matthew,bingham,raeford,28376
02425086,clare,mullman,durham,27712
00563529,lois,main,todd,28684
02964224,ryan,parrish,matthews,28105
01959613,tina,pyle,franklin,28734
01444113,david,mcfarling,chapel hill,27514
00294592,william,mercer,laurinburg,28352
02557011,rickie,price,kenly,27542
04375619,rodney,handy,greensboro,27403
06004258,rachael,mccrea,boomer,28606
05488614,mindy,wike,concord,28027
00648117,david,hall,roseboro,28382
05508406,peggy,devane,clayton,27520
07151991,tommy,fansler,germanton,27019
07693051,justin,hefner,kernersville,27284
04114454,john,dancy,leland,28451
05189668,sharon,verity,garner,27529
01085488,janet,hunter,winston salem,27106
06430597,andre,leblanc,charlotte,28227
02149995,peggy,floyd,thomasville,27360
06883962,susan,harriger,wake forest,27587
00455412,mary,cunningham,roxboro,27573
02108101,thelma,prevost,matthews,28105
02429416,kevin,king,huntersville,28078
00302059,wayland,skipper,ocean isle beach,28469
06357205,katherine,sloan,raleigh,27609
03592603,betty,parker,maiden,28650
07222256,andera,burton,cameron,28326
04381077,christopher,barbour,four oaks,27524
08178139,joshua,miller,claremont,28610
03400319,larry,hollingsworth,burgaw,28425
02992081,anitra,moore,thomasville,27360
03342413,ronald,gilchrist,lexington,27292
02526851,rhonda,houston,trenton,28585
05412589,deborah,turner,elizabeth city,27909
01188427,frankie,greenwell,concord,28027
01860546,sandra,miller,marion,28752
06204693,thomas,strom,durham,27707
03245380,james,monds,clayton,27520
02245602,daphne,litton,kernersville,27284
06817051,haley,hawkins,ayden,28513
00556799,forrest,aiken,raleigh,27613
00661670,christine,kelly,snow hill,28580
07965116,alexandra,griffin,hillsborough,27278
03747326,matthew,hicks,morrisville,27560
03234362,sandra,gambon,charlotte,28277
00831523,karen,smoots,charlotte,28277
01041624,shirley,dupree,kenly,27542
06205943,elizabeth,ellis,shelby,28152
00219396,charles,baucom,charlotte,28210
07389508,david,walker,gastonia,28052
07606998,emily,spain,wake forest,27587
05365073,barna,harris,browns summit,27214
07116093,rebecca,vancil,youngsville,27596
05420557,jerry,eastling,laurinburg,28352
06246629,catherine,miller,charlotte,28209
00630276,jo,fontana,charlotte,28226
06787788,latisha,mcsweeney,powells point,27966
01371204,janeth,drake,raleigh,27609
03711160,glenn,strickland,autryville,28318
03624670,elease,gaiter,charlotte,28227
06869435,devondro,gadsden,charlotte,28215
02801748,shenethia,hebert,fayetteville,28301
03035142,george,thomas,mt gilead,27306
01206893,jeanelle,mcclain,kings mountain,28086
05196991,tiffion,spady,ayden,28513
02778890,rachel,head,china grove,28023
04022078,david,eggers,lenoir,28645
02960783,elaine,holland,winterville,28590
06284809,ebrahim,almuwallad,kinston,28504
02799490,michael,deitchman,brevard,28712
02633731,april,queen,andrews,28901
06998090,willie,wiley,sanford,27330
01069504,carla,hems,charlotte,28213
02002437,sandra,nichols,durham,27704
00196534,sterling,welch,matthews,28105
06276282,martin,kirby,charlotte,28204
04559226,ansel,caine,durham,27701
06483638,amanda,lowe,greensboro,27407
00054590,bobby,herring,mt olive,28365
06765994,samuel,williams,greensboro,27411
02690873,glen,phelps,shallotte,28470
00251141,mary,eudy,concord,28025
07455882,brittney,aman-harnden,durham,27704
01858728,harold,plummer,raleigh,27609
03189683,michelle,rogers,shelby,28152
04246505,phyllis,brockman,canton,28716
04489270,deborah,ramseur,dallas,28034
07521160,lemuel,stanley,kernersville,27284
06515725,rodney,hyson,wilmington,28401
02565615,sarah,mcrae,winston salem,27105
00906833,linda,greer,morganton,28655
06334871,terrence,crowley,greensboro,27405
01564312,musette,mckelvey,cary,27513
04931170,ricky,detlefsen,asheboro,27205
06878184,james,white,hamlet,28345
00971208,rodney,blake,north wilkesboro,28659
05362424,harold,locklear,lumberton,28358
03206793,harald,dulberg,charlotte,28277
04466294,elmer,mcknight,concord,28025
01397543,janice,shafer,wilmington,28403
07284604,david,lowe,arden,28704
00335530,betty,stamey,drexel,28619
05249238,patricia,moews,charlotte,28205
03940433,lester,newby,fayetteville,28311
06276651,frank,pinheiro,cornelius,28031
04337412,jeffery,hill,mt gilead,27306
07315047,mechel,gadson,mocksville,27028
06379937,julia,bryson,canton,28716
03914484,kathleen,sage,cary,27513
07281786,dennis,elliott,whittier,28789
06725317,heather,mcintyre,asheville,28806
08140788,charles,mullis,connelly springs,28612
08078325,oveita,singleton,pineville,28134
04777116,thomas,owens,matthews,28105
07869129,earline,lovejoy,hudson,28638
07280190,wilfredo,pantaleon,winston salem,27127
04935502,richard,mickles,new bern,28562
07631602,dana,gearhart,banner elk,28604
01452848,timothy,keel,marshville,28103
03713231,sylvia,estrada,statesville,28625
07762159,elizabeth,keeler,hendersonville,28739
04164656,bryant,harrell,statesville,28625
04312913,clifford,johnson,thomasville,27360
01856601,anna,holcombe,gastonia,28054
05023617,andrew,thomas,raleigh,27606
06831897,brandon,amo,kenly,27542
03626617,jerome,hamilton,high point,27260
07124679,efrein,rodriguez tirado,raleigh,27610
04634989,ashley,shiosaky,greenville,27834
06608523,paige,passanisi,newton,28658
05553483,noah,faloon,hubert,28539
02619902,rochelle,gilliam,louisburg,27549
00123693,clifton,felton,rocky mount,27804
02683618,jason,morton,norwood,28128
04584231,jason,david,wake forest,27587
07550674,andrea,rosone,jacksonville,28540
03558727,ernest,blackwell,stoneville,27048
03269923,michael,goodman,chocowinity,27817
08216237,brandon,correa,raleigh,27613
02901319,louise,johnston,lumber bridge,28357
01012595,william,jones,shelby,28152
03171226,patricia,lowell,garner,27529
04051294,ryan,farrell,raleigh,27606
04367929,jennifer,barber,winston salem,27104
02676354,marie,kelly,newton,28658
02268591,mildred,mungo,gibsonville,27249
06032189,madison,griffin,winston salem,27127
04392476,timothy,allred,asheboro,27203
07348683,john,romero,raleigh,27614
05702615,clemon,walls,high point,27260
08153755,larry,langdale,kill devil hills,27948
05353286,jessica,blalock,canton,28716
07913346,zachary,ross,mooresville,28115
05446315,julie,gray,charlotte,28214
01527780,timothy,kjos,charlotte,28227
01286830,helen,mcmahon,winston salem,27106
02053700,rufus,livingston,seven lakes,27376
06218599,carrianne,rushing,concord,28027
07540058,jennifer,taylor,lumberton,28358
04043505,steven,duncan,sneads ferry,28460
00017757,fay,gilbert,greensboro,27403
06321820,larry,mumford,kinston,28501
06992875,lachandra,key-mainor,atkinson,28421
02075947,kelli,partin,raleigh,27607
05457088,brian,stanfield,holly springs,27540
05984361,jessica,price,eden,27288
05671608,lynette,smith,stanley,28164
03809216,lisa,ross,high point,27265
02169790,virginia,wolcott,charlotte,28211
00946413,albert,urquhart,cary,27513
00984889,angela,godwin,concord,28027
01507224,sheila,wall,greensboro,27405
07469685,jasmine,galloway,greenville,27858
08079697,mason,self,apex,27502
03136421,clementine,chaffee,chapel hill,27517
02033019,vicky,shaver,albemarle,28001
07563843,ona,knighten,leicester,28748
00775444,sumner,midgett,camden,27921
02369876,reginald,johnson,reidsville,27320
04550723,deborah,ware,wingate,28174
00165233,harry,kellam,raleigh,27609
03258966,clarence,griffin,elizabeth city,27909
00112234,annette,workman,stoney creek,27377
08183383,dennis,schurr,greensboro,27410
05114912,david,phillips,marble,28905
03390968,sasha,myers,charlotte,28278
06707254,stacy,kerchmar,hillsborough,27278
06908978,robin,brewer,eden,27288
01773966,charles,price,monroe,28110
04605641,taylor,christiansen,tryon,28782
05963362,paulette,russo-carroll,leland,28451
05058645,willie,pearson,morganton,28655
02937931,lillian,bridges,ellenboro,28040
00727437,susie,cheek,raleigh,27610
00662455,grace,lambert,moravian falls,28654
07259850,chase,redmond,statesville,28625
01368502,carnell,brame,raleigh,27610
02139951,donna,grochowski,wilmington,28412
04385877,chad,dorsett,franklin,28734
05611707,frieda,williams,charlotte,28270
07584745,william,thompson,chadbourn,28431
05212553,jessie,rodriguez,nebo,28761
02519791,tabitha,bell,winston salem,27107
07023906,ashley,delle fave,waxhaw,28173
03214673,martha,coltrane,canton,28716
00520714,ivy,cutrell,wilmington,28411
05654416,hart,pittard,apex,27502
02138744,mark,anderson,alexander,28701
02903680,dan,bailey,winston salem,27106
00247927,barbara,ham,snow hill,28580
00355817,horace,gass,kings mountain,28086
03631985,robert,proctor,raleigh,27615
04214284,eugene,boyd,supply,28462
00992178,ed,bowman,madison,27025
07246293,cecilie,sturdivant,asheboro,27203
06164012,monica,duncan,waxhaw,28173
07485380,sade,broughton,fayetteville,28314
04968867,emily,poole,lincolnton,28092
04028854,laura,fincher,charlotte,28210
07481345,kemonte,hayes,merry hill,27957
04503302,brenda,johnson,shallotte,28470
07096840,robert,pavsner,charlotte,28227
04518422,patricia,bell,jacksonville,28546
06958602,kendall,hoggard,goldsboro,27534
07662088,michelle,chiles,winston salem,27105
06570716,taylor,walker,winston salem,27107
01753967,ernest,field,pisgah forest,28768
01745584,philip,allen,greensboro,27406
04844427,matthew,mills,rocky mount,27801
02560174,emma,mccallum,durham,27705
01878494,carman,miller,laurinburg,28352
01073342,leslie,johnson,cornelius,28031
05315602,bruce,barbee,charlotte,28212
08080589,michael,rios,chapel hill,27514
04067188,david,morris,charlotte,28205
01632097,william,schiebl,troy,27371
06382455,misty,joyce,reidsville,27320
04664703,brian,pyke,laurel springs,28644
00320716,lula,laughlin,concord,28025
04530886,detricia,knight,winston salem,27106
01768373,mary,lynch,whitakers,27891
04217858,jacquelyn,burton,durham,27713
05710564,andrew,todd,clinton,28328
01468321,robert,kessler,chapel hill,27516
05619715,jefferson,rockett,cullowhee,28723
05251797,william,lyons,raleigh,27610
00759713,penny,creasman,thomasville,27360
07100476,christine,hardeman,clinton,28328
03585139,elizabeth,humphreys,graham,27253
00804660,elizabeth,simpson,concord,28025
02205054,madgeline,artis,wilson,27893
00961230,sandra,clark,roseboro,28382
02670254,renaye,razewski,huntersville,28078
02399702,rose,stone,hendersonville,28739
06423567,naketa,martin,durham,27703
02640995,michael,wooten,lillington,27546
01816918,betty,laughlin,franklinville,27248
02840926,jerry,adkins,sandy ridge,27046
00621141,angela,ward,apex,27539
02179642,wilhelmina,thomas,goldsboro,27530
01990012,walter,wallace,high point,27260
07400568,marlena,murphy,chapel hill,27516
05711903,emily,richardson,wilmington,28405
01289470,denita,gouge,burnsville,28714
02604924,frederick,smith,raleigh,27610
01118857,rodney,elliott,franklinton,27525
06671399,veronica,green,winston salem,27107
05523451,scott,selbach,charlotte,28277
01580851,katherine,lewis,charlotte,28277
04512819,margo,herring,summerfield,27358
08190931,jane,miller,greenville,27834
05992540,tabitha,flythe,camden,27921
00500988,annie,dickens,asheboro,27205
06190295,eltweena,fields,la grange,28551
04203457,ronald,hoover,china grove,28023
03554076,janice,dale,charlotte,28277
03216054,mark,asuma,stanley,28164
06498957,jeannette,keiter,apex,27523
07875303,maria,santos,henderson,27536
03663121,barry,shearin,castalia,27816
07740986,james,mckenzie,seagrove,27341
02123691,carolyn,hickman,ash,28420
02256022,david,pica,winston salem,27102
00582619,donald,cartwright,bath,27808
06063208,donald,spells,clayton,27520
03881963,lisa,braswell,frisco,27936
07066038,jonathan,ramsey,wade,28395
05379389,harold,evans,zirconia,28790
05500187,matthew,osborne,winston-salem,27127
04641757,steven,phelps,edenton,27932
05722428,cassandra,ellis,lowgap,27024
02119429,frederick,metzler,charlotte,28205
05541787,steven,jamison,hendersonville,28792
07290709,clayton,andersen,huntersville,28078
07917684,william,krentz,davidson,28036
07220891,kathlene,pack,ramseur,27316
01373004,bennie,collins,charlotte,28209
04739495,david,corzilius,fayetteville,28314
01681858,frances,morris,roanoke rapids,27870
02098678,steven,hall,charlotte,28210
05517750,james,register,youngsville,27596
03673761,daryl,ford,fayetteville,28314
04370013,amanda,christie,mooresville,28115
00564062,samuel,laws,elk park,28622
01836518,annette,ballard,leland,28451
05474529,scott,rogers,winston salem,27103
02137888,dwayne,dover,shelby,28150
01316833,tonya,livengood,hamptonville,27020
02416033,sheila,stauffer,lexington,27292
06493796,carlos,villate,raleigh,27604
06024957,david,kuntzman,charlotte,28277
05190185,patricia,kriger,charlotte,28269
03143333,derek,baker,king,27021
07280170,lowell,grabel,asheville,28806
04087537,robbie,palmer,wake forest,27587
06882856,frank,schall,charlotte,28204
06290062,malo,paul,high point,27265
05354235,monghany,winters,raleigh,27610
04258479,christopher,morrow,dallas,28034
05057995,sharron,weege,winnabow,28479
04429098,sara,salmons,ellenboro,28040
02603213,anna,puryear,eden,27288
01152333,evelyn,lawson,reidsville,27320
02633066,kurt,fryar,wilmington,28411
00353239,betty,thornburg,kings mountain,28086
05757562,benita,gathers,windsor,27983
02168077,gayle,blackwell,high point,27265
01441871,david,connell,franklin,28734
07620267,james,schneiderman,cary,27518
05991982,dulce,leon,durham,27705
06865442,casey,lewis,randleman,27317
01439388,stephen,hammer,belvidere,27919
00782727,david,schmitz,raleigh,27613
03108319,daniel,reisacher,apex,27539
03629199,kimberly,hodge,fuquay varina,27526
02276078,linda,batts,burlington,27215
07819624,michael,pennino,pembroke,28372
04146766,shirley,lubitz,matthews,28105
02274759,bontoria,fulton,bladenboro,28320
02176480,charlie,doughty,bailey,27807
04179610,albert,sobol,asheville,28803
08123094,paul,keeler,durham,27713
07546530,logan,hunt,greensboro,27405
01648097,fred,saunders,burlington,27217
06324248,lora,hawkins,swannanoa,28778
00953290,william,maness,hudson,28638
05071009,yolanda,johnson,rose hill,28458
01849513,delorestine,cannon,greenville,27834
07176032,jaime,elliott,raleigh,27610
05525708,john,hill,lexington,27292
01600832,anna,crisp,washington,27889
04326069,dave,jordan,huntersville,28078
01249968,darrin,steele,harmony,28634
00511794,virginia,mckinney,bakersville,28705
02964795,robert,williams,greensboro,27455
03858922,cecilia,gochoco-perwak,huntersville,28078
03215799,jessica,heath,mount holly,28120
00247291,bernice,hinkle,advance,27006
00709392,frances,keith,winston salem,27105
01042311,robert,sifford,rockwell,28138
02174979,heather,gibson,davidson,28036
05781753,ebony,solomon,charlotte,28215
01974533,brian,estes,wilmington,28411
04891528,kimberly,comer,greensboro,27406
00561941,maurice,wheat,roanoke rapids,27870
05714936,samuel,yellock,graham,27253
05911846,larry,jones,pinetops,27864
05447056,lisa,bateman,summerfield,27358
05238418,bradley,stevens,goldsboro,27530
03698038,michael,starnes,tabor city,28463
02798260,james,park,hendersonville,28792
00716699,joyce,yates,charlotte,28205
08099094,wahila,alam,apex,27539
08020100,brent,shedrick,charlotte,28269
03470573,cristy,atwell,sandy ridge,27046
01827759,milo,standish,concord,28027
02345405,shireka,rodman,charlotte,28273
05961174,belinda,green,raleigh,27616
03961226,karyl,cashwell,cary,27511
07784275,nicholas,ard,southport,28461
07646801,faith,blakely,new bern,28562
08195556,mack,lumpkin,fayetteville,28306
05954956,kimberly,timberlake,raleigh,27615
03497392,josetta,curry,lexington,27295
01269976,chandru,primlani,cary,27511
04824612,penny,thomas,lexington,27295
05491195,nina,russo,newport,28570
07091359,lea,yarborough,raleigh,27607
00217414,nancy,murray,matthews,28105
04963213,damishia,jackson,charlotte,28214
04739842,carly,swain,greensboro,27412
02857331,ashly,stocks,greenville,27858
04787202,grant,calderwood,charlotte,28203
00544968,june,frye,king,27021
07560009,iyanah,bailey,charlotte,28262
06445865,thelma,smith,raleigh,27610
00582059,lisse,oland,brasstown,28902
05215677,jamie,mcknight,raleigh,27603
03966731,jeffrey,justice,lenoir,28645
06898319,barbara,butt,grimesland,27837
01393416,thomas,bradford,wilmington,28412
05388559,alan,buchfuhrer,kitty hawk,27949
05125331,mari,montoya,winston salem,27127
05545183,dennis,barnes,morrisville,27560
04867698,michael,beighley,forest city,28043
03524718,ennis,davis,trinity,27370
04468421,robert,miller,hendersonville,28739
06179559,hilda,patterson,chapel hill,27516
08042235,cherise,henderson,concord,28025
04546192,dustin,eckenberg,hendersonville,28739
07606153,jennifer,king,currie,28435
00042896,c,martin,jamesville,27846
05366152,jessica,houston,holly ridge,28445
06322779,karl,painter,concord,28027
03191660,mary,mcgill,charlotte,28277
08058778,tony,mcdaniel,raleigh,27617
05206736,tanya,aycock,raleigh,27604
03835162,cheryl,adkins,efland,27243
03483409,deborah,elder,spruce pine,28777
04238004,orlander,bynum,garysburg,27831
01925418,henry,williams,cofield,27922
05624957,leia,bolick,huntersville,28078
03206820,warren,duvall,charlotte,28226
03480193,virginia,crews,asheville,28805
03448974,ashley,golden,mooresville,28115
04739984,shelia,norris,durham,27701
02276452,doris,dancy,north wilkesboro,28659
04333351,jason,holmes,raleigh,27615
01232456,carolyn,taylor,eden,27288
07705952,robbin,moon,cleveland,27013
00245804,guy,davis,marion,28752
02142940,christine,hurley,apex,27539
07360827,charles,williams,apex,27502
02827529,ryan,rice,high point,27265
02578338,william,parks,matthews,28105
06898831,tommy,smith,clinton,28328
02003973,lisa,kuchta,spruce pine,28777
04347834,joseph,thorpe,greensboro,27405
03318380,lawrence,anthony,kings mountain,28086
02068756,laurie,baucom,charlotte,28227
06816937,cathy,johnson,charlotte,28273
02474765,pamela,sullivan,rocky point,28457
05479090,stephen,sapp,winston-salem,27107
01678616,dwayne,turner,marion,28752
08022578,robert,hiatt,durham,27713
00366871,eunice,formyduval,shallotte,28470
01292102,sue,johnson,warsaw,28398
04421172,elaine,hensley,boone,28607
04765966,deborah,ware,shelby,28152
03739853,dominic,bynum,wilson,27896
02565862,sandra,lindsey,pikeville,27863
04712739,heather,rutherford,williamston,27892
06698687,james,worsley,tarboro,27886
02912141,charles,mckissick,charlotte,28277
06741978,kinsay,sand,fletcher,28732
01883571,scarlett,morgan,bolivia,28422
04383172,ralph,lovell,warne,28909
00491081,randall,griffin,rural hall,27045
00369790,marvin,philyaw,trenton,28585
04181543,nicole,simoneaux,waxhaw,28173
00223330,lee,miles,winston salem,27103
02775689,adam,wright,clarendon,28432
05659096,peter,mahon,durham,27713
00929498,violet,holmes,henderson,27536
00979908,iva,yates,hiddenite,28636
03554954,elizabeth,mitchell,newland,28657
05287881,verna,cogar,clayton,27520
05923447,mary,parker,durham,27703
03431723,kristin,bobbitt,selma,27576
03745418,richard,bailey,south mills,27976
06714823,jeffrey,lanaville,elizabeth city,27909
07909411,vertina,watkins,charlotte,28213
03740053,michael,graves,lewisville,27023
02125885,kathleen,thomas,raleigh,27614
00804718,grady,clark,albemarle,28001
02702823,burette,andrews,charlotte,28207
06162995,kebra,jones,dallas,28034
05704335,izean,chestnut,hertford,27944
02937620,thomas,connoley,durham,27703
05782924,whitney,brown,north wilkesboro,28659
03902117,marie,ohanlon,raleigh,27609
03801952,jacob,mcpherson,mcleansville,27301
08074808,jesse,skinner,raleigh,27606
02741604,jerry,haynes,shelby,28152
03754309,sharon,buchanan,sanford,27332
03566519,lisa,ward,asheboro,27205
07904999,sarah,debru,charlotte,28212
07000209,geoffrey,gibby,robbinsville,28771
05593868,wayne,mcchesney,matthews,28105
07943811,thomas,critchlow,wake forest,27587
04051903,barbara,macey,cary,27511
03003107,joseph,fountain,hubert,28539
07819166,james,wilmoth,hendersonville,28792
00556505,zeno,painter,apex,27523
00672089,paul,dearman,statesville,28625
04256027,laurel,hansen,charlotte,28277
06803327,shauna,moore,randleman,27317
01189128,carolyn,johnson,hurdle mills,27541
02718270,faye,keller,arden,28704
07720738,sarah,stanczyk,durham,27708
04794007,glenna,doyle,fuquay varina,27526
05175252,charles,broach,franklinton,27525
03803914,julie,noble,wilmington,28411
06466700,chavonte,brown,greenville,27858
05598888,christopher,rowe,waxhaw,28173
07117938,paul,baker,asheville,28803
05319689,james,stanfield,knotts island,27950
03868270,charles,baumohl,cornelius,28031
07262445,bonnie,kelly,benson,27504
04250550,yennisse,gonzalez,durham,27713
02341583,jennifer,guin,dunn,28334
01564564,robert,williford,wendell,27591
07346927,lauren,whittington,lagrange,28551
07692936,chiquita,harris,raleigh,27601
01693122,clyde,rice,marshall,28753
05362933,melissa,layel,bessemer city,28016
07503534,barry,thomas,winston salem,27105
05971785,michael,wilkinson,maiden,28650
06574030,patrick,andrew,cary,27519
04900255,dwayne,tucker,roxboro,27573
02508140,sarah,klingensmith,trinity,27370
01573760,jeffrey,ewing,charlotte,28210
02503028,elizabeth,lamm,winterville,28590
05218059,chaudhry,nazir,cary,27513
08177022,nicole,hughes,concord,28027
01847353,kevin,mckinney,marion,28752
04373217,veronica,mcdougald,raleigh,27603
06076751,roxanne,goutremout,wilmington,28411
06145317,randall,hilbert,fayetteville,28306
04067388,rebecca,graafsma,cullowhee,28723
00428814,jane,richards,murphy,28906
05604480,linda,burden,youngsville,27596
07689480,robert,kanavel,saluda,28773
01632789,deena,kersting,jamestown,27282
00629513,harry,knight,stoneville,27048
05644537,latney,niday,waxhaw,28173
02023646,linda,long,summerfield,27358
04286742,frances,paysinger,charlotte,28211
04218695,yan,ke,southern pines,28387
04423663,dustin,davis,albemarle,28001
03608296,william,ludwick,mooresville,28115
01261764,susan,barber,woodleaf,27054
06503753,daquan,brown,roxboro,27574
07174506,ana,marin,winston salem,27107
04452932,david,lineberry,salisbury,28146
01203491,michael,gillette,winterville,28590
00483840,david,pigg,tarboro,27886
03031553,benjamin,romeiser,durham,27713
07220017,colin,colter,durham,27708
07457882,brandon,bates,stanley,28164
04265049,denise,stanley,moravian falls,28654
04854279,carolyn,haggerty,advance,27006
02456337,sharon,wright,charlotte,28213
00198638,kenneth,pennington,goldsboro,27530
02302072,barry,walker,asheville,28804
01984647,brian,linville,mocksville,27028
01268563,margaret,beck,raleigh,27604
01573244,billy,mungo,charlotte,28205
02078924,paula,brown,charlotte,28215
03905189,matthew,carter,wilmington,28403
00520966,mary,alestock,hillsborough,27278
07013238,camden,devericks,charlotte,28202
03729532,wayne,moore,zebulon,27597
02926959,sandra,leopard,lenoir,28645
05994176,wendy,edmond,durham,27713
05431714,david,legge,apex,27539
01239609,randall,king,elon,27244
06319945,tamika,houston,marshville,28103
04204255,kimberly,wilson,kings mountain,28086
01176791,janice,baynard,greensboro,27407
07562853,shannon,ruthruff,raleigh,27606
01081855,dennis,hammack,charlotte,28226
04189337,patricia,bailey,rocky mount,27801
04491840,dinah,pinnell,matthews,28104
07806701,larry,flippo,kernersville,27284
01692143,samon,yi,greensboro,27406
04349181,geraldine,harris,durham,27707
04754858,jimmy,dusek,franklin,28734
06775928,ella,leach,gastonia,28052
06218534,susan,tashjian,indian trail,28079
04388739,james,burnett,southport,28461
07272945,camden,helms,indian trail,28079
02642589,frederick,blackwell,roxboro,27574
06270970,joseph,perry,franklinton,27525
00463747,carolyn,richardson,winston salem,27104
02438062,laura,wilkinson,winston salem,27103
08051243,christopher,mitchell,creedmoor,27522
06840198,donna,macarthur,lexington,27292
03571132,kisha,bowlin,kannapolis,28083
03202305,virginia,conlon,raleigh,27615
04411638,karen,dunlap,eagle springs,27242
00461072,sam,ruby,raleigh,27605
02634755,clifford,hargrove,fayetteville,28301
01543224,susan,battle,rocky mount,27804
05149813,shirley,locklear,lumberton,28358
02899817,gail,baker,raleigh,27606
06633869,phillip,corley,elk park,28622
06758438,vanetta,graham,burlington,27215
02639215,melissa,congdon,charlotte,28227
04700989,samantha,wood,fuquay varina,27526
03598594,michael,crowder,raleigh,27603
05524448,brett,dippolito,benson,27504
04165388,brian,gamet,raleigh,27609
04461868,charles,atkins,canton,28716
03130340,francene,richardson,roxboro,27574
03705585,jeffrey,dyer,sneads ferry,28460
01664472,roger,corvin,king,27021
00365641,joe,dixon,wilmington,28412
02109684,dennis,haney,marion,28752
03063587,sandra,degraffenried,graham,27253
00378890,mildred,hannah,clyde,28721
06516736,john,idler,durham,27705
00668241,barbara,stophel,wilmington,28411
04281262,brent,myers,pinnacle,27043
02014070,paul,allen,cary,27511
08147062,amatullah,mercer,rocky mount,27803
07374507,zephaniah,staton,wilmington,28401
06895978,danny,drinkard,maggie valley,28751
03289487,robin,burton,raleigh,27613
06955527,christofer,roundtree-mcdougal,greenville,27834
04334624,joseph,flowers,raleigh,27603
01152198,vetrius,sutton,snow hill,28580
05324073,john,gerald,chapel hill,27517
04148774,kevin,sturgis,wingate,28174
02761893,donaldson,duff,thurmond,28683
02476904,melvin,baldwin,sanford,27330
02481312,corah,croom,kinston,28501
03600333,luke,wyles,purlear,28665
07396472,andrea,bailey,cullowhee,28723
01720975,bert,higley,charlotte,28278
00161921,terry,owens,nebo,28761
00487574,carol,cox,lenoir,28645
04268990,mallory,boyle,boone,28608
01406608,beatrice,harding,laurinburg,28352
05765151,melinda,alderman,monroe,28112
06782230,leslie,sloan,fletcher,28732
03954592,melissa,harris,wilson,27896
01645977,charles,collins,candor,27229
00316931,floyd,merritt,elizabethtown,28337
04026597,barrett,donohue,raleigh,27608
07064173,monica,gattis,wake forest,27587
05032913,alicia,monroe,wilmington,28403
05478238,bryan,hollingsworth,greenville,27858
06112170,joseph,riley,franklinton,27525
03736902,jayme,miller,salisbury,28146
00139994,martha,rives,statesville,28677
06079177,salita,mckay,charlotte,28269
03974286,denise,holmes,durham,27713
03622043,daniel,audley,concord,28027
00348244,mary,taylor,pilot mountain,27041
01371830,jean,grimes,charlotte,28227
04170427,pamela,eason,gates,27937
03042034,ross,weikel,raleigh,27615
05622171,michael,burns,newton,28658
02850583,navin,shirsekar,cary,27519
04933813,donald,wilkins,concord,28027
04518826,nancy,nall,robbins,27325
01067943,anne,alexander,charlotte,28269
05546403,tiffany,glisson,charlotte,28210
07673498,robert,gagliardo,mooresville,28117
07233514,catherine,lewis,north topsail beach,28460
00207362,edgar,toms,durham,27707
06266876,kimberly,rose,maggie valley,28751
04043359,ryan,burke,mooresville,28117
01735321,judith,moore,oriental,28571
05962384,melvida,burnside,fort bragg,28307
05414378,karen,carver,matthews,28104
00502876,hettie,edwards,marion,28752
03057921,nickie,luquire,weaverville,28787
06841349,juan,arango,durham,27713
03937473,jeremy,honzik,mebane,27302
02697247,chad,ingold,albemarle,28001
06784595,michael,giummule,winterville,28590
08012910,james,lutz,aberdeen,28315
04997259,shirley,whitehurst,wake forest,27587
03727494,phyllis,phipps,winston-salem,27127
05407733,ernest,mallet,raeford,28376
03686624,james,bowes,roxboro,27574
07218668,isabelle,mieczkowski,apex,27539
06709872,tracey,whitehead-ray,hope mills,28348
07356992,allison,yunker,monroe,28112
00879037,sharon,singer,hillsborough,27278
04995522,gary,steeves,weaverville,28787
02760756,michael,williams,pleasant garden,27313
08178759,kendra,gibson,archdale,27263
05718586,natasha,hinds,fayetteville,28314
06780270,muriel,barnette,roxboro,27574
06213784,james,tyson,salisbury,28147
01284747,nettie,ellerbe,high point,27265
00822915,charles,ashcraft,fayetteville,28306
05182480,matthew,hirsch,carthage,28327
01427331,victoria,norris,whiteville,28472
05370777,pedro,sanchez,beulaville,28518
00262339,milton,bartlett,pikeville,27863
02338415,robert,strauss,sylva,28779
03771979,william,beard,walnut cove,27052
02659570,crystal,forrest,badin,28009
04482496,benino,morales,clayton,27527
00860518,richard,rose,princeton,27569
06911749,elizabeth,hohmann,hayesville,28904
03480140,tertius,holley,elizabeth city,27909
02171680,lyman,kinlaw,wilmington,28403
06340397,laura,syers,grantsboro,28529
02214141,fred,davenport,kinston,28504
03007874,jimmie,miller,salisbury,28147
04844046,teresa,kellum,stedman,28391
01998103,angela,cope,bahama,27503
06428793,robert,woodlief,charlotte,28277
04728911,lula,laster,pittsboro,27312
02750234,roger,hunter,shelby,28152
05078505,stephanie,ott,charlotte,28212
06025583,april,haynes,charlotte,28269
05264204,corbin,bilger,raleigh,27606
03436370,john,fuqua,timberlake,27583
05220745,david,earp,durham,27712
08196709,kay,hagwood,louisburg,27549
02505743,linda,little,west end,27376
04804863,nancy,lepard,high point,27265
02754822,linda,keener,greensboro,27406
08069747,sarah,phillips,raleigh,27608
07075920,caroline,ricciarelli,greenville,27858
06732712,ladarius,taborn,oxford,27565
04742044,frances,wagner,wake forest,27587
07790839,hannah,townsend,boone,28607
00706563,buretta,owenby,arden,28704
01695327,charles,packer,bladenboro,28320
00837842,larry,westmoreland,mount airy,27030
02040128,gregery,messer,clyde,28721
03078657,john,pettus,monroe,28110
06681851,william,wagner,high point,27265
02333364,sandra,tosh,jarvisburg,27947
03866906,raymond,todd,charlotte,28211
01057301,marilyn,adams,rolesville,27571
00932615,vanessa,olson,charlotte,28277
01147386,joseph,snyder,castle hayne,28429
04510945,kim,kelly,weaverville,28787
03724410,jeff,lee,germanton,27019
03406434,louise,jordan,jacksonville,28546
02181740,michelle,keener,dallas,28034
01156374,ronnie,davis,salisbury,28146
02603618,bernice,deans,wilson,27893
02756909,lewis,doggett,highlands,28741
00878568,steve,reynolds,rockingham,28379
07431974,rebekah,rutherford,raleigh,27606
07960886,jonathan,thomas,weaverville,28787
06298912,julia,perkinson,raleigh,27607
00241187,kaylene,needham,pilot mountain,27041
04951540,bonnie,malsom,denver,28037
07814362,tashonna,farmer,raleigh,27601
04496927,brenna,hall,charlotte,28217
06936562,johnnie,holton,washington,27889
07007299,william,pergrem,winston salem,27104
08002307,cathy,ridenhour,durham,27705
06290844,katherine,seivers,mount airy,27030
01785535,mark,smith,raleigh,27604
00670439,ray,swanson,gastonia,28056
07164212,khalil,smith,winston salem,27104
01180070,cynthia,sykes,mebane,27302
07545213,archie,drye,norwood,28128
04450230,wanda,peele,goldsboro,27534
04648698,phillip,collins,tyner,27980
06412872,tiffany,caple,thomasville,27360
06339655,gregory,bryant,hickory,28601
07219883,deronn,hinton,greensboro,27405
07842633,billie,storms,bladenboro,28320
03549020,ethan,overcash,kannapolis,28081
05113269,theresa,jarman,greensboro,27407
05547688,wilbert,sykes,washington,27889
04926729,douglas,huffman,elon,27244
03122615,terrie,johnson,greensboro,27405
03551278,derrick,purnell,greensboro,27407
03196728,kelly,kennedy,wilmington,28412
02093287,steve,midgette,engelhard,27824
01620286,april,summerlin,green mountain,28740
05468934,edward,locke,winston salem,27127
05032419,brian,rubin,matthews,28104
02926913,rachel,granholm,raleigh,27614
03521645,nikki,jaeger,snow camp,27349
01932249,james,joyner,nashville,27856
02829811,john,mercer,taylorsville,28681
00883076,james,perry,wilmington,28411
05932682,gregory,earp,selma,27576
00651204,elsie,bell,graham,27253
04620280,tanesha,mccauley,durham,27703
00291542,wilhelmina,dement,louisburg,27549
04622149,devecky,smith,maxton,28364
02665473,beverly,calloway,ronda,28670
00255486,samuel,gamble,winston salem,27105
02087257,sharon,hammond,four oaks,27524
03309897,nakeya,respress,fayetteville,28304
00373171,gladys,colson,charlotte,28217
01824800,george,edmundson,wilson,27893
06717559,stacy,rolph,indian trail,28079
05281592,tryston,fain,gastonia,28056
03450372,joseph,olinger,brevard,28712
03386775,kelly,woolard,charlotte,28277
02307082,robert,ryan,shelby,28150
05020451,joshua,mcelrath,candler,28715
04700323,wayne,blackwell,raleigh,27610
05557458,liza,johnson,asheville,28801
02490207,jamie,whitehurst,greenville,27834
04888922,mohamed,azeddagh,wilmington,28403
00706441,ronald,boles,east bend,27018
01366212,john,tate,cornelius,28031
01962143,courtney,phillips,chapel hill,27514
00377045,huston,totten,ruffin,27326
03648636,robert,appleton,shelby,28150
04063268,mary,harrop,henderson,27537
07552529,gregory,wojcik,raleigh,27615
08157056,jonathan,lubenetski,durham,27701
01423826,darlene,arnette,gastonia,28052
04362236,holly,bower,lawndale,28090
00224593,paul,ridge,greensboro,27407
04721837,kelly,parks,charlotte,28273
01141001,susan,cannady,coats,27521
01128139,annie,fields,mount holly,28120
01744734,richard,merritt,durham,27712
05541181,jordan,shipman,matthews,28105
00036446,marcus,gulley,winston salem,27104
02352096,janice,bowlin,north wilkesboro,28659
06737317,william,mitchell,winterville,28590
00207054,carolyn,collins,durham,27712
07939099,shruti,rawat,cornelius,28031
07064610,joann,westfall,hillsborough,27278
00935728,adolphus,spruill,greenville,27834
00998096,tresia,moreadith,new bern,28562
08012679,david,williams,chapel hill,27517
06994356,brittany,naylor,smithfield,27577
05483534,robert,oliver,roanoke rapids,27870
08112655,julie,helms,matthews,28105
07239256,jason,besaw,sanford,27332
06776240,matthew,greene,greensboro,27403
06361537,jeree,carpenter,fort bragg,28310
01399031,katherine,laveck,asheville,28804
04666294,jessica,williams,clinton,28328
01780368,kimberly,halsaver,raleigh,27614
04134442,kimberly,nicodemus,knightdale,27545
04615814,caroline,black,charlotte,28270
01939418,daniel,coutu,raleigh,27609
03008649,william,kissam,matthews,28105
02101077,sue,dorsett,charlotte,28226
05534799,lonnie,allen,cary,27519
04061286,chad,shook,granite falls,28630
02016339,larry,deem,charlotte,28227
00296777,anne,greene,orrum,28369
05816405,gary,walston,rocky mount,27804
06757304,chantal,scarbrough,carthage,28327
06823625,nga,thach,chapel hill,27514
02187324,elesia,harris,maxton,28364
00898096,kelly,parker,stanley,28164
04079040,lazaro,sotelo,burlington,27217
00891244,laura,davis,forest city,28043
07275676,kelsey,parker,rocky mount,27803
00667365,john,harris,tarboro,27886
04765143,crystal,shuford,taylorsville,28681
02070052,bennie,pake,new bern,28562
02922796,tonya,kidd,seagrove,27341
06281781,amber,little,wilmington,28403
01729688,michael,collins,fair bluff,28439
01453268,fred,echols,greensboro,27405
00163195,mildred,hardison,plymouth,27962
04408288,irvin,spraggins,raleigh,27604
00044276,dorothy,carroll,hamlet,28345
06299024,carol,mcclam,raleigh,27605
02244038,shirley,turner,pinehurst,28374
00789264,robert,strong,greensboro,27410
07313126,joseph,jones,indian trail,28079
03878830,oliver,roberts,glen alpine,28628
05440546,samuel,davidson,nashville,27856
06677182,douglas,streeter,farmville,27828
03049362,maritza,rodriguez,parkton,28371
05775341,tashombi,bailey,goldsboro,27530
00597590,gracie,taylor,havelock,28532
02483217,margaret,laughinghouse,aurora,27806
03672122,holly,clark,charlotte,28215
06788311,aubrey,white,waynesville,28785
07531732,john,buyer,mooresville,28115
01923043,barbara,johnson,wilmington,28405
00948469,daniel,cutler,whittier,28789
01979494,thelma,waters,pinetown,27865
00807646,vanessa,hoover,lexington,27292
03211682,yoshida,mills,asheville,28806
03353064,alice,kronen,holly springs,27540
02630091,charle,jenkins,charlotte,28215
06135884,sheena,honeycutt,monroe,28110
03781321,ralph,davenport,winterville,28590
02854736,lakoya,brown,knightdale,27545
02000529,bob,hines,mt olive,28365
02274780,machelle,burrell,hayesville,28904
00325426,lonnie,ellis,salisbury,28147
02332924,james,daves,drexel,28619
05562479,danny,ricks,rocky mount,27801
05931922,mary,grover,wilmington,28401
06398308,douglas,thomas,cramerton,28032
01871663,randolph,glancy,fayetteville,28311
07002312,brandi,massey,nebo,28761
04142281,lewis,swans,carthage,28327
00206400,corine,bynum,durham,27713
00903317,stella,thompson,siler city,27344
04665346,jamie,strickland,bessemer city,28016
05765514,thomas,baden,cullowhee,28723
05538751,demarcus,hill,fayetteville,28306
07610944,monroe,anderson,durham,27703
03748083,janet,buie,mooresville,28115
06475714,danielle,nunez,charlotte,28210
05211510,jayne,poythress,henderson,27537
05443919,tony,brown,gastonia,28052
04996483,warner,baxter,roanoke rapids,27870
07474847,richard,prince,conway,27820
00972704,johnny,price,waynesville,28785
02302911,jon,wallace,raleigh,27616
06195617,ciera,silas,fort bragg,28307
01590074,wayne,stowe,selma,27576
05300443,stacey,martin,smithfield,27577
00022682,henry,steed,greensboro,27406
03612212,april,connie,shiloh,27974
00129887,madia,haneline,statesville,28625
04010246,lucy,lawrence,black mountain,28711
07256625,joyce,tranbarger,reidsville,27320
03037986,natasha,johnson,eden,27288
00376065,douglas,van noppen,waynesville,28786
08190118,larry,rice,kannapolis,28081
01235864,diandrea,scott,alexander,28701
00946201,alice,mccoy,raleigh,27615
06632440,gregory,wolf,chapel hill,27514
07060210,hannah,fuhr,greenville,27834
07103762,stephanie,shell,lincolnton,28092
02381003,robert,cunningham,raleigh,27609
00341630,paige,owen,winston salem,27103
02770279,mi,yang,apex,27502
00465828,lalla,davis,charlotte,28213
06946850,jacob,wooten,stanley,28164
03576936,stephanie,bruno,new bern,28562
05861796,brooke,duvall,leicester,28748
05705831,minnie,young,yadkinville,27055
05687403,deron,mccombs,durham,27701
04235378,joe,perez,raleigh,27604
01229445,william,tucker,rocky mount,27801
05747919,terry,owens,st pauls,28384
02185281,maria,williams,albemarle,28001
05192409,cassie,hedrick,lexington,27295
05792247,clarissa,jones,raleigh,27610
01621198,evette,clemons,greensboro,27406
04091115,jillian,bristol,carrboro,27510
00434885,geneva,hunsucker,murphy,28906
00900733,barbara,jones,clayton,27520
03124536,ann,gilbert-logan,lake lure,28746
05880137,rebecca,parker,elkin,28621
03588897,jessica,miles,greensboro,27401
00977602,abby,hammond,fair bluff,28439
03345569,james,bennett,durham,27705
07681164,johnny,smith,chapel hill,27516
00460794,beverly,bennett,raleigh,27603
02507876,shelia,grooms,seagrove,27341
04531271,brannon,walters,monroe,28110
02624361,krystal,hensley,granite falls,28630
00123986,lavenia,cox,gastonia,28054
03656384,gweneth,bullock,henderson,27536
04445599,barry,barwatt,chocowinity,27817
05241578,calvin,shearin,oxford,27565
02275598,janette,bostic,graham,27253
06983484,crystal,scarborough,candler,28715
03772132,sylvia,cambron,hendersonville,28739
00606227,william,gore,whiteville,28472
00361291,judy,gardner,castalia,27816
04030070,curtis,waddell,rockwell,28138
05515010,melissa,beeson-elmore,indian trail,28079
05312261,michael,fattaleh,mocksville,27028
05657592,ruby,wells,mt olive,28365
01427021,michael,messer,greensboro,27406
05242147,jacqueline,brown,statesville,28625
04559312,amy,holliday,wake forest,27587
03549751,maurice,lennon,clarkton,28433
01181310,leigh,rush,jamestown,27282
03610666,ronald,leibel,charlotte,28277
03998315,robert,craft,fayetteville,28303
00374137,mary,blackwell,columbus,28722
05232800,paula,parker,waxhaw,28173
06651114,laetitia,ulick,raleigh,27613
01940260,sandra,ramke,eastover,28312
05913469,brittany,shackelford,thomasville,27360
07048795,victor,ruiz,thomasville,27360
03076845,shanay,amy,red springs,28377
00304214,john,kirkland,lenoir,28645
06021420,dock,brewington,raleigh,27615
06251282,kevin,chunn,beaufort,28516
06895014,april,hoch,apex,27523
00269214,jimmy,dameron,hildebran,28637
07701154,fredrick,kindell,albemarle,28001
07869513,kassandra,williams,winston salem,27101
01746671,paul,mitkish,stokesdale,27357
05377378,staretta,cartrette,lexington,27295
01731360,mary,kruk,new bern,28562
01525728,robert,edwards,raleigh,27615
03358934,plummer,foster,henderson,27537
05689144,victor,sanders,hope mills,28348
01011647,earlene,mcintyre,lawndale,28090
05067167,leah,radcliff,monroe,28112
00416480,patricia,chriscoe,west end,27376
02235494,george,roberson,robersonville,27871
05922785,sarah,fogleman,elon,27244
03879325,shirley,murray,salisbury,28144
04653318,ashlee,baker,princeton,27569
05896323,sandra,curley,jacksonville,28546
06978944,brent,cavallini,fuquay varina,27526
05807311,chris,jirak,charlotte,28270
01911915,bynum,minton,wilkesboro,28697
05506493,nicole,thompson,graham,27253
03241058,glendale,wiggins,warsaw,28398
06112556,allison,campbell,greenville,27858
05426659,dawn,chitwood,frisco,27936
07662207,kimberly,mcquaige,broadway,27505
01728443,kathy,shade,hickory,28602
00377123,jane,lafountaine,waynesville,28786
03827787,adrienne,carthon,clayton,27520
01837086,malinda,foster,salisbury,28144
01792085,kenneth,green,raleigh,27615
07779861,jasiman,davis,greensboro,27405
05799295,april,hogan,moravian falls,28654
02172554,tony,mccrimmion,laurinburg,28352
04762943,jeffrey,welch,elon,27244
02425103,micki,bria,huntersville,28078
00839175,joseph,pegram,reidsville,27320
04921390,rusty,cline,middlesex,27557
01661491,melvin,lytle,old fort,28762
05346119,vincent,graves,greensboro,27405
04910984,alonza,williams,lexington,27292
06347059,michelle,melvin,raleigh,27615
05959917,shaniqua,mcclain,raleigh,27617
07973525,sarah,shytle,rockingham,28379
08070969,brianna,bishop,murfreesboro,27855
06488253,alta,brown,murfreesboro,27855
01400306,shannon,kimball,graham,27253
07554900,timothy,nails,raleigh,27610
00339015,hazel,hartsell,concord,28025
06020419,alexis,morrison,raleigh,27612
04245012,tracy,ginder,locust,28097
06068632,joseph,ward,mount airy,27030
05818019,ruth,bost,concord,28025
03381948,rosa,cain,charlotte,28213
02347413,eric,abernathy,nebo,28761
05919492,victoria,magaro,smithfield,27577
05644464,allison,berberick,waxhaw,28173
06764483,stacy,lutz,asheville,28803
00055216,pattie,hill,raleigh,27609
07289400,claire,wintermute,wake forest,27587
01105567,jane,coor,selma,27576
01391408,james,pittman,fairmont,28340
04929907,brandon,broom,cullowhee,28723
05594947,benita,katzenberger,rutherfordton,28139
04507376,anna,radford,greensboro,27455
03529814,shena,mcdonald,fayetteville,28303
03987633,arlene,mccormick,clayton,27520
04358902,anthony,hardison,winston salem,27107
07627486,charnise,smith,raleigh,27606
01347058,rita,hemmer,sanford,27330
05258544,amy,waters,asheville,28803
07915031,danyele,russell,charlotte,28216
02562751,richard,crumbley,mount holly,28120
00746650,susie,owens,leicester,28748
06986843,christina,johnson,moyock,27958
00946282,pelvia,harris,raleigh,27604
01248650,frank,patterson,durham,27705
06666083,henry,basinger,gastonia,28054
00733225,laura,kilgore,pisgah forest,28768
06488175,ashley,terrell,jacksonville,28546
01956049,donna,spruill,winston salem,27106
07519090,carrie,amici,greenville,27834
00907723,mary,phipps,king,27021
00086914,jesse,lanier,denton,27239
06413793,jonathan,towery,thomasville,27360
01497744,sandra,beck,lexington,27292
08196087,alan,drake,hickory,28601
03129809,scott,clark,cary,27513
01396952,ina,townsend,greensboro,27405
06409347,jacoiby,bowen,raleigh,27608
07219587,william,plummer,fayetteville,28314
07505250,lacrecia,bennett,east flat rock,28726
00347221,dewey,butler,rocky mount,27803
00588753,davis,andrews,lumberton,28358
07750096,mary,babbey,pfafftown,27040
06179782,misty,gentry,hickory,28601
02137789,karen,crump,matthews,28104
00819071,henry,cotton,durham,27704
02466650,elizabeth,wilson,greensboro,27410
05000571,ralph,tolve,greensboro,27455
04108968,brenda,peterson,wilmington,28412
05665981,andrea,vanias,charlotte,28278
03373236,ronnie,sheets,statesville,28677
08127126,carlos,garcia,charlotte,28205
03429857,gregory,mott,wilmington,28409
04028175,kenneth,swakopf,wake forest,27587
06993414,qiang,ni,elon,27244
00978876,ruth,daniels,oxford,27565
02822397,daniel,neal,randleman,27317
05768049,ryan,allen,clayton,27527
01775152,teresa,crispino,thomasville,27360
05631306,timothy,creecy,elizabeth city,27909
05180540,richard,evans,raleigh,27603
04102805,casey,holcombe,carolina shores,28467
01505639,terrie,phillipy,albemarle,28001
00941628,larry,quinn,monroe,28110
05370910,felicia,richardson,battleboro,27809
05500928,christopher,fantetti,mt pleasant,28124
00875738,geraldine,walker,hickory,28602
05684300,kelsey,bryson,tuckasegee,28783
01453982,terry,hartley,hudson,28638
00312528,lillie,edwards,robbinsville,28771
05630576,katherine,bradley,advance,27006
05739968,earl,losier,raleigh,27615
04555105,roger,bristow,eagle springs,27242
07886636,nancy,beatty,concord,28027
02328783,ann,smith,albemarle,28001
06972392,raymond,tucker,reidsville,27320
01261492,helen,jordan,leland,28451
07243722,tiffanie,jones,greensboro,27401
06318003,pamlea,broome,gastonia,28054
00247394,cecil,shumate,north wilkesboro,28659
06224509,karma,bazil,jacksonville,28546
07571954,john,malan,carolina beach,28428
04874795,elizabeth,cobb,enfield,27823
04759545,kenneth,lusk,hendersonville,28791
01441978,timothy,mitchell,goldston,27252
06154188,heavlin,lawrence,monroe,28112
00762657,annette,smith,rocky mount,27804
05353311,linda,mcneely,dudley,28333
07845143,isabelle,delgado,concord,28027
01858348,jeffrey,parsons,winston salem,27106
01715958,ted,nusbaum,raleigh,27603
07411389,christy,davis,mocksville,27028
05724913,lady,brito,greensboro,27412
02588926,joanne,skopek,apex,27523
07264529,ross,whitehouse,woodlake,28394
02781854,brenda,gonyier,goldsboro,27530
00603397,joseph,edwards,dunn,28334
07384246,elizabeth,taylor,wadesboro,28170
03629877,michael,mullowney,charlotte,28278
06783779,autumn,lindquist,hampstead,28443
05341535,joseph,desgrosiellier,raleigh,27613
06033061,brandon,jenkins,winston salem,27107
04074213,annmarie,johnston,coats,27521
05778123,darryl,west,canton,28716
02948930,thomas,schaefer,durham,27705
07801004,danielle,mckenzie,fayetteville,28314
07485618,karenina,graves,fayetteville,28303
02349733,patricia,smalling,newton,28658
03845925,christina,egerton,linden,28356
02017421,shannon,shipman,durham,27707
08112600,earl,brown,spring lake,28390
06089423,edward,wright,greenville,27834
03266161,judy,brown,greensboro,27406
05277826,matthew,rich,lumberton,28358
01399382,linda,black,lenoir,28645
06119298,corey,holloway,asheville,28805
01996280,angela,jarman,jacksonville,28546
04557615,amanda,edwards,apex,27502
08101591,jeremy,ford,high point,27260
03731065,anthony,chavis,kelly,28448
00917451,joan,white,high point,27262
00799827,anita,oxendine,pembroke,28372
06876875,melissa,gonzalez,davidson,28036
00658498,clyde,steele,salisbury,28146
02776977,denah,clark,raleigh,27613
04727831,sheila,bryant,new bern,28562
02155450,robert,potter,charlotte,28226
07159991,sheila,hawkins,charlotte,28269
01311719,bobby,williams,wilson,27896
02569497,margaret,tremonte,newland,28657
04435260,divyakant,jani,hickory,28602
00970287,billy,brady,cherryville,28021
04777947,sabrina,wilson,greensboro,27407
01599502,lance,walker,graham,27253
02380926,thomas,campbell,cary,27518
02374528,deana,sherrin,kings mountain,28086
04555323,sonya,speck,clyde,28721
05838986,cedric,newton,wilson,27893
03327955,mary,vaughn,gastonia,28056
05070560,scott,coleman,raleigh,27614
02678703,scott,briggs,asheville,28806
06940926,lounette,shrigley,hayesville,28904
07876181,dionetta,boone,charlotte,28208
07617302,shaurtorra,cotton,winston-salem,27107
01591636,william,annas,hudson,28638
07315800,stanley,samuels,wendell,27591
03051422,floyd,ingram,charlotte,28277
05709281,homer,anderson,lincolnton,28092
07324358,jarrod,nooe,high point,27265
03195079,john,ivsan,charlotte,28277
06014739,ora,graham-merchant,greensboro,27406
07553382,purley,robertson,morrisville,27560
04781166,raishelle,howard,concord,28025
05548821,lucille,smith,wake forest,27587
04881306,billie,hinton,moncure,27559
07187808,justin,bullock,greensboro,27405
01411944,judi,plummer,greensboro,27455
03924582,james,bagwell,charlotte,28226
02773638,paul,johnson,grassy creek,28631
05732393,caitlin,hellmann,morrisville,27560
07348656,daniel,tarr,hudson,28638
06223100,christopher,hart,princeton,27569
00476439,ivey,furr,greensboro,27410
06852461,daniel,davis,newport,28570
07885097,douglas,fox,monroe,28110
06359281,sara,duran,durham,27705
02886115,margot,brewer,vass,28394
07573389,amy,lagnese,willow spring,27592
04108275,mary ann,painter,boone,28607
01095467,margaret,kozlowski,winston salem,27106
04903720,ben,leyva,kill devil hills,27948
02687968,bonnie,welch,stokesdale,27357
05147713,kelley,obrien,winston salem,27101
01532579,mae,isley,burlington,27215
05683114,patricia,sweger,burlington,27217
04326769,paulette,powell,charlotte,28217
07821324,christine,eby,charlotte,28273
07676728,patricia,sweeney,walnut cove,27052
06877378,steven,beam,forest city,28043
06746544,dora,sykes,dobson,27017
06719118,anna,fletcher,boone,28607
07723887,britanny,gwyn,asheville,28804
00974083,loshia,marsan,summerfield,27358
00610832,thomas,harris,hamlet,28345
03576941,george,barger,durham,27707
04931790,donald,young,apex,27502
02144023,wilbur,mcabee,bessemer city,28016
00762351,robert,turk,asheville,28804
03968286,walter,taylor,raleigh,27610
02789128,tonie,samuels,arden,28704
03694944,jasmine,simmons,fayetteville,28301
06323536,leslie,hobbs,king,27021
02871481,kenneth,lavway,greensboro,27407
01661705,elizabeth,anderson,durham,27705
07044763,joel,childrey,albemarle,28001
02074940,doris,jacobs,thomasville,27360
01397197,bradley,parham,winston salem,27101
02139796,anne,beyer,charlotte,28226
03793728,gene,grant,leland,28451
04487623,jack,lewis,matthews,28105
04071915,april,welch,charlotte,28204
07314866,amy,arellano,clyde,28721
02873989,joyce,griffin,stokesdale,27357
01273215,lois,lange,charlotte,28209
02065109,thomas,martin,conway,27820
01894574,david,monosso,nebo,28761
05179804,katherine,purcell,hendersonville,28739
08125049,william,archer,rocky mount,27804
01270866,varneze,morgan,cary,27511
05563815,paula,hall,kings mountain,28086
02182261,elsie,leggett,lumberton,28358
06085536,anthony,little,wingate,28174
03749027,lynne,crumpton,ruffin,27326
03465714,timothy,stafford,taylorsville,28681
01955432,carolyn,robinette,gastonia,28056
03303824,stephani,vogel,almond,28702
07851692,valerie,garrett,asheville,28804
01696605,anita,marten,efland,27243
00156596,barbara,humphrey,winston salem,27101
02466912,wendy,stanton,columbia,27925
06824637,anthony,worley,concord,28027
06720596,mary,delaney,indian trail,28079
04664532,carol,sawyer,plymouth,27962
06769144,janet,meeuwsen,waxhaw,28173
06487803,james,canupp,salisbury,28147
00296589,ruby,mcguire,kannapolis,28081
04228914,lakelia,dickey,lake lure,28746
00073917,dorothy,avery,raleigh,27606
06163244,matthew,barbee,zebulon,27597
05930318,jean,bowden,kittrell,27544
08058206,stephanie,sessoms,autryville,28318
02731436,michael,allen,lenoir,28645
03086084,rosanna,sweeney,jacksonville,28546
01373526,bruce,hamlett,charlotte,28227
03523680,margaret,davis,kings mountain,28086
02633364,holly,bowers,eden,27288
07039840,john,farrell,pinehurst,28374
00621684,john,williams,raleigh,27609
05498657,robert,bailey,washington,27889
05996769,everette,mitchell,winston salem,27107
04599285,jonah,templeton,statesville,28625
07648059,kourtney,williams,richlands,28574
01241154,betty,hurst,kannapolis,28083
01456434,james,brown,burlington,27217
07962431,luther,steward,connelly springs,28612
07594738,kristen,pike,mars hill,28754
05862933,jonathan,schultz,winston salem,27104
05100064,edgar,hall,zebulon,27597
01860692,david,hughes,rutherfordton,28139
00961827,marc,faircloth,autryville,28318
02193081,robbie,mintz,hendersonville,28792
03622927,kenneth,spivey,coats,27521
07238236,sharon,batey,asheville,28803
01726497,mary,parton,black mountain,28711
01741716,todd,grogan,stoneville,27048
03821754,christopher,pippin,lagrange,28551
08217254,refujia,hernandez,fayetteville,28311
02185068,jeffrey,moore,china grove,28023
02878302,cindy,autwell,stokesdale,27357
00394572,roselin,lee,pittsboro,27312
04402294,latrenda,brown,asheboro,27203
00959747,jane,dotson,fairview,28730
06111156,yosef,izmailov,matthews,28105
01544205,benjamin,coleman,winston salem,27106
00110307,allison,rogers,charlotte,28209
06995611,ruth,jellies,mooresville,28115
06546344,glorinsteen,short,grimesland,27837
01749240,teena,gant,candler,28715
02818434,virginia,pretty,maiden,28650
00516346,james,thomas,winston salem,27127
01874035,beth,swauger,fuquay varina,27526
02956293,dewey,alberty,warsaw,28398
01176380,patricia,rogers,statesville,28625
08066969,william,cooley,charlotte,28277
01162315,michael,gates,gastonia,28054
03817088,shantae,williams,wilmington,28412
00593675,buddy,weaver,concord,28025
02533866,michael,rados,hope mills,28348
05590353,jacqueline,newkirk,rose hill,28458
00398131,shirley,dalton,westfield,27053
06868074,amanda,shirely,zebulon,27597
00395524,joyce,white,columbus,28722
04944286,susan,sanders,beaufort,28516
03178693,jesse,long,conway,27820
04260220,forrest,burgess,wake forest,27587
02535835,robert,collier,greensboro,27403
00638960,doris,carpenter,sylva,28779
07942571,tina,pittman,jacksonville,28540
00469188,marva,robinson,roanoke rapids,27870
06986895,daniel,woodie,morganton,28655
00631979,ruth,moore,durham,27707
01958630,marcia,smith,fairview,28730
03962711,john,merritt,wake forest,27587
05779563,christopher,walster,concord,28025
02563181,wanda,jackson,monroe,28112
07660400,sam,mcnaly,fairmont,28340
03395278,robert,sasser,wake forest,27587
05576377,connie,bello,sanford,27332
04734306,timmy,christie,statesville,28677
08034773,stefani,banks,wilmington,28412
01090742,pamela,vallas,elizabeth city,27909
05574123,matther,prorok,durham,27708
06376508,sonya,green,carthage,28327
05957252,michael,forsterling,cary,27519
08003622,albert,cooper,durham,27713
03433492,harry,reinheimer,elon,27244
00550373,nancy,austin,oakboro,28129
03879636,meredith,ellison,asheville,28805
06944251,ashlynn,chick,zebulon,27597
03326000,keith,lydick,charlotte,28217
02984143,jacqueline,mitchell,kernersville,27284
07859306,eric,bush,charlotte,28215
07760110,shelby,speight,fayetteville,28314
01531908,rebecca,seamon,locust,28097
03332311,teresa,blocher,kitty hawk,27949
03786645,karen,strother-jordan,elizabeth city,27909
02661728,russell,pittman,fayetteville,28306
02004762,jennifer,maynard,greensboro,27407
07894039,brian,okoye,charlotte,28223
06199468,thomas,bianco,wilmington,28403
02670104,elliot,pecora,concord,28025
05815932,calandra,manley,aulander,27805
01548452,david,mohan,wilmington,28401
07874878,geraldine,batts,garysburg,27831
05347072,laura,strickland,louisburg,27549
05209573,ashley,germond,raleigh,27615
04935220,damian,earl,indian trail,28079
00116594,ivonne,castillo,greensboro,27455
01115580,billie,millar,greenville,27858
07265942,stephen,radford,lagrange,28551
00592367,tony,massengill,benson,27504
02289769,alex,evans,goldsboro,27534
01082825,linda,gordon,charlotte,28212
05849880,dale,bercaw,harrisburg,28075
04793544,susan,meador,littleton,27850
02064557,christopher,kidd,burlington,27217
03764332,larry,decker,advance,27006
05629678,victoria,mears,garner,27529
05514957,johnathan,hargett,wilmington,28401
01353804,barbara,benjock,davidson,28036
03699623,joshua,sokal,durham,27713
06597660,rhonda,smith,brevard,28712
00121365,bobby,putnam,lawndale,28090
04726248,richard,winfrey,stanley,28164
06176603,tammy,stansford,iron station,28080
02828426,teresa,price,bailey,27807
04557004,taylor,robinson,charlotte,28223
06562787,bruce,cabral,raleigh,27613
00984420,darryl,davidson,statesville,28677
01052099,sylvester,gillis,durham,27704
03054278,todd,parker,moyock,27958
06404527,patrice,williford,wilmington,28403
02122046,michelle,owen,hendersonville,28739
02146757,rodney,byrer,winston salem,27101
00018149,inez,perkins,goldsboro,27530
00663421,loretta,ferriss,concord,28027
06334220,andrew,terwilliger,sneads ferry,28460
06484700,robert,decker,matthews,28104
02111277,sophia,murphy,garland,28441
00694823,edgar,hosack,mills river,28759
01522117,brenda,wilson,high point,27260
04507367,james,booker,asheville,28803
00360100,lucy,denton,morganton,28655
06555413,frank,o'donnell,swannanoa,28778
05550811,ronesha,burns,lexington,27295
02370613,jennifer,rinker,concord,28025
00822800,lorraine,lynch,hampstead,28443
04767360,laura,brokaw,charlotte,28269
03846380,james,prayer,greenville,27834
02172882,erma,slate,walnut cove,27052
05763068,athanasios,kerchoulas,concord,28025
05415474,carmen,chavez,asheville,28801
06875986,sudharani,parepalli,charlotte,28262
03721768,danny,cardwell,wilkesboro,28697
01223567,thomas,kaut,rutherfordton,28139
00458092,donald,mckoy,fuquay varina,27526
03634209,maricsa,diaz,fayetteville,28304
03532832,glenda,dugan,burlington,27217
05209861,jillian,vest,stanley,28164
05381321,ashley,allred,high point,27263
07711468,beverly,del giudice,vass,28394
04999075,taylor,boyette,rocky mount,27804
07213231,andre,marquez,harrisburg,28075
03453733,alice,watson,fayetteville,28306
06225598,kim,douglas,charlotte,28227
07068732,donald,hovander,greensboro,27406
02175379,ronald,mcdevitt,rosman,28772
06437757,davin,van eyken,durham,27713
03605316,lashawna,whitfield,durham,27712
06838925,daniel,cardona,statesville,28625
08003775,william,corpening,hickory,28601
01615489,melissia,forney,union mills,28167
02671226,shirley,foye,garner,27529
05557028,jeffrey,dahlberg,durham,27708
02433835,shawna,gilmore,black mountain,28711
01451114,gilbert,bass,winston salem,27106
06749378,lauren,schwartze,littleton,27850
04801596,gary,wiggins,durham,27703
05675674,jessica,buskirk,wilmington,28401
00981755,richard,compton,brevard,28712
03125010,michael,ford,franklin,28734
00367928,arlene,barber,mount ulla,28125
03061299,heather,melvin,lumberton,28358
03676591,akelah,battle,durham,27703
00246130,betty,penley,weaverville,28787
04205632,vollie,whitaker,fletcher,28732
01779789,gregory,sayre,raleigh,27603
07391681,latiffany,shine,concord,28027
06178208,david,cox,green mountain,28740
08014155,jenell,di leonardo,high point,27260
00218772,jessie,price,charlotte,28217
04897400,jerimey,winebarger,lenoir,28645
08196986,nneka,awuruonye,hickory,28601
07364745,deborah,jones,tarboro,27886
06853126,jamaal,eaton,raleigh,27609
07014086,leslie,millsaps,marble,28905
01962498,kim,rufty,newton,28658
01939894,robert,hall,candler,28715
04005449,kelli,bartolo,wilmington,28412
00500853,onari,greer,spindale,28160
04578485,herman,wood,cove city,28523
00736194,kristin,dean,charlotte,28278
07167725,robin,reichert,benson,27504
00907645,kathy,treadway,wilkesboro,28697
01686047,james,holder,lenoir,28645
07515253,bridgette,brewer,durham,27707
06058711,tracie,myrick,bennett,27208
06506581,stephanie,bowman,pilot mountain,27041
06797120,paul,skrypek,hurdle mills,27541
02174246,mario,maningas,wilmington,28403
02657220,jennifer,howard,greensboro,27455
02690963,danny,jones,haw river,27258
00721150,julia,chamberlain,mocksville,27028
00364632,elaine,stallings,louisburg,27549
03975269,phyllis,cooke,concord,28025
06804621,luisa,pomales,charlotte,28214
05675304,jennifer,read,chapel hill,27514
06605633,thomas,stamper,statesville,28625
00518048,ted,midgett,wanchese,27981
00124614,eloise,stanley,burlington,27217
07106456,amber,rabon,charlotte,28226
00615397,william,rabon,lumberton,28358
06021678,rachel,humble,raleigh,27607
00437245,edward,graham,garner,27529
04920960,toni,thomas,wilson,27896
01431797,debra,armstrong,columbia,27925
02248885,thomas,meredith,burlington,27215
02117086,rosalyn,moose,concord,28027
04742889,john,burnette,pinnacle,27043
05110571,david,wimert,hope mills,28348
02093162,mary,knight,greensboro,27407
03531885,dana,hearnsberger,durham,27712
06613083,darrell,leatherman,gastonia,28056
04894650,simbonika,spencer,charlotte,28270
02107937,kimberly,harkins,rocky mount,27801
04380784,christopher,nicosia,charlotte,28210
05009632,wilbert,barker,moyock,27958
03750421,nancy,simpson,greensboro,27407
05042125,woodrow,morgan,jacksonville,28540
07976406,timothy,wells,salisbury,28146
03905313,bob,vaughan,newton,28658
03621719,ziba,khodadadi,charlotte,28211
01098000,pelzer,doar,mebane,27302
06389755,edith,jaeger,charlotte,28215
01237925,danny,bullock,greenville,27834
03736667,mary,mitchell,wendell,27591
01402842,davey,matthews,fuquay varina,27526
06748382,sandra,moravec,charlotte,28270
07043984,millard,mangum,bahama,27503
07581797,corey,torain,roxboro,27573
06560197,brenda,mathis,supply,28462
01626205,mary,richardson,cameron,28326
01125132,denise,lawless,fletcher,28732
00795153,betty,barnhardt,rockwell,28138
05674818,gary,barnhardt,charlotte,28215
03896586,jerry,fassett,creedmoor,27522
06484079,amarinthia,whittaker,charlotte,28202
02782411,gayle,morgan,murphy,28906
00134453,eve,poythress,burlington,27217
03820282,lonnie,hines,charlotte,28269
05481694,brittany,thompson,washington,27889
06535004,angela,inniger,raleigh,27614
01979923,patricia,jones,thomasville,27360
00809466,frank,vaughan,fuquay varina,27526
01312418,donnell,seyni,greensboro,27455
04218320,christopher,gilley,west jefferson,28694
00932768,john,sale,bryson city,28713
03895672,richard,griffen,troutman,28166
03616560,newman,bailey,wake forest,27587
07463040,jan,caksey,kannapolis,28083
00056592,gladys,abernathy,cornelius,28031
04424332,james,herron,durham,27705
03147268,stephen,dukes,mt pleasant,28124
00554254,henry,crabtree,graham,27253
03244242,johnny,burch,elkin,28621
04384161,frederick,blackwelder,charlotte,28273
05931550,courtney,hull,connelly springs,28612
04963162,sarah,coble,charlotte,28214
03607377,barry,auman,sunset beach,28468
03513796,jana,adams,chapel hill,27517
01316449,laura,bargebuhr,greensboro,27410
00285741,nina,johnson,marion,28752
07657592,vincci,nicholson,morrisville,27560
00231838,broadus,farr,mooresville,28115
02538954,george,clack,burlington,27217
01102251,james,vernon,chapel hill,27517
03972602,deborah,norris,kernersville,27284
01374026,james,ware,germanton,27019
00554383,phyllis,sheldon,hendersonville,28739
07140977,randy,ridge,high point,27262
05703145,deborah,mitchell,washington,27889
00019365,violet,jolley,winston salem,27106
07216704,jonathon,stutts,raleigh,27603
07001350,tilfaun,herring,clinton,28328
04675887,bruce,herring,williamston,27892
01296544,daniel,wimbush,henderson,27536
01837239,randy,burton,advance,27006
06484187,william,heflin,charlotte,28227
07373230,kelarus,bowens,lumberton,28358
00978254,karen,bobbitt,henderson,27536
02528512,donna,denny,burlington,27215
06313604,rebecca,whitley,stanfield,28163
00475415,jerry,freeman,dobson,27017
02079977,archie,hagins,lumberton,28358
07988095,brian,liu,greenville,27858
05134615,dario,hashemi,charlotte,28270
00954918,joe,carroll,lexington,27295
00890668,junny,jackson,archdale,27263
03220121,aletha,howell,kinston,28504
01959316,ursula,whitfield,wilmington,28405
01830381,catherine,silver,weaverville,28787
05336357,sarah,david,rockingham,28379
00746364,maurice,willis,harkers island,28531
02141908,sharon,shipp,mooresville,28115
01117663,david,blevins,rockingham,28379
03700425,adrian,king,bailey,27807
07927368,olajuwon,jackson,charlotte,28216
02230541,beverly,vincent,havelock,28532
01220948,jimmy,hedgepeth,henderson,27537
00698539,patricia,schandevel,clyde,28721
01524634,joseph,scarbrough,fuquay varina,27526
03915453,laurie,thompson,olin,28660
06104749,willie,richardson,nashville,27856
00943258,david,mullis,locust,28097
06643386,catherine,young,dunn,28334
07994523,elizabeth,thomas,raleigh,27612
06144785,jeannette,germain,raleigh,27616
04388129,heather,jarrett,arden,28704
01860115,matthew,lowery,hendersonville,28792
06633949,daniel,yelverton,matthews,28104
04577428,robin,hopmeier,winston salem,27103
00293828,jessie,peoples,raeford,28376
07468149,flora,spruill,greenville,27858
03497317,latoya,alexander,granite quarry,28072
04651438,rachel,espey,fuquay varina,27526
06222244,lindsey,roberts,boone,28607
01250469,gale,gurley,kenly,27542
04992836,ethel,pope,thomasville,27360
05543080,mark,harrison,burnsville,28714
08226311,kaari,toren,monroe,28110
04771072,robert,bumgardner,elizabeth city,27909
01276009,ava,cooper,hudson,28638
02450641,sheith,davis,southern pines,28387
02411852,wilbert,everette,lumberton,28358
06842785,laurel,fortwengler,boone,28608
05762741,darren,beckham,charlotte,28269
05017548,bobby,hardy,raleigh,27612
04054563,ariana,muniz,jacksonville,28546
03776985,deborah,chaze,winston salem,27104
05820650,william,auret,monroe,28110
07710215,amanda,buckey,greenville,27858
08207931,angela,mccoy,pittsboro,27312
05707419,jessica,byrd,albertson,28508
05565836,angela,smith,cary,27518
00864878,anna,bradshaw,china grove,28023
00319791,nona,smith,pilot mountain,27041
04451524,dorothy,fenner,chapel hill,27514
02030978,emily,mayes,dobson,27017
07494184,adam,cheshire,hillsborough,27278
04688497,regina,london,fayetteville,28314
06742243,sofia,alvarado,raleigh,27609
05383033,rhonda,holmes,jacksonville,28546
08008579,stephen,rudisill,gastonia,28054
00992334,gerald,thomas,burnsville,28714
06107551,david,duncan,peachland,28133
07876762,kristine,oakhurst,charlotte,28205
02375867,tracy,hensley,greensboro,27409
00271028,kay,huff,roxboro,27574
02073436,henry,rommell,wilmington,28401
04028480,yvette,combs,kinston,28504
03181633,jerrod,belcher,plymouth,27962
06399829,francisca,lemuz-gembe,winston salem,27107
07434627,amy,jones,durham,27712
04698312,leyi,lin,cary,27511
04527979,christine,ritchey,salisbury,28146
02276357,andrew,aguirre,fayetteville,28314
06050383,cassandra,jordan,wilmington,28412
02498175,bonita,jenkins,wilson,27893
06578426,naomi,wright,leland,28451
01364610,dianne,moffett,charlotte,28273
07899592,kenneth,everhart,winston-salem,27107
01096811,steven,leary,lowland,28552
04250064,tanicka,rhodes,durham,27703
04380060,kirsten,corsaro,asheville,28803
08217591,shaquar,gordon,brevard,28712
01460343,gene,taylor,maysville,28555
02536143,roger,locklear,charlotte,28209
03945093,jamie,mills,vass,28394
00312864,johnny,greene,mooresboro,28114
04772222,glenn,moore,lenoir,28645
00959254,elizabeth,adkins,leicester,28748
06921687,william,mcaliley,goldsboro,27534
05313833,hilary,bueter,raleigh,27612
01517690,joseph,mintz,fayetteville,28311
05213651,caroline,bright,chapel hill,27517
06601763,jetzy,rodriguez,havelock,28532
06948403,charles,anderson,stoneville,27048
05646836,tawuna,alexander,durham,27704
00127401,jimmie,britt,st pauls,28384
01643443,lynette,white,kinston,28504
03717218,daniel,west,garner,27529
07135460,lauren,bates,wilmington,28411
03503903,stacy,burke,waynesville,28785
06049474,brittney,kennedy,pink hill,28572
02723120,adam,newton,durham,27705
07639973,sierra,campbell,waynesville,28785
00213368,susan,lassiter,charlotte,28226
01847135,edith,cerda,fayetteville,28312
01158193,eileen,lipham,waynesville,28786
05536793,lea,macleod,whiteville,28472
05834350,joe,gore,wilmington,28401
00887674,brian,murray,spring hope,27882
03618211,dolorez,torres,madison,27025
05556219,sherod,goss,monroe,28110
03688961,leo,powell,sanford,27332
02317088,scott,godfrey,morehead city,28557
00915126,sanford,guttler,hickory,28601
08049366,hayley,hunt,boone,28607
06659582,matthew,lockridge,maiden,28650
07131118,jackson,tate,hickory,28601
02590195,jean,pittman,smithfield,27577
04473200,candace,springs,grover,28073
05674746,kelly,chapman,charlotte,28262
04246613,ramona,clay,rocky mount,27804
07496220,hailey,tynes,raleigh,27607
03890355,christina,anderson,winston salem,27104
06337960,kimberly,yarborough,spruce pine,28777
05991248,ronald,million,boone,28607
05132937,mary,white,waynesville,28785
02903047,lori,cleghorn,indian trail,28079
01895873,angela,vanrooyen,salemburg,28385
03042795,deborah,bright,mooresville,28115
04564142,roberta,jones,merritt,28556
03681045,diane,sergeant,greensboro,27410
07820816,javares,wilson,rocky mount,27801
02786765,michael,davis,carrboro,27510
01961916,eueal,smith,charlotte,28273
04625031,kandice,speight,kenly,27542
03366787,sheryl,hackney,fayetteville,28314
01434613,timothy,crow,iron station,28080
03353707,alice,voves,flat rock,28731
05120960,megan,smith,raleigh,27606
01950917,karen,brendle,greensboro,27409
05265737,kevin,wirhouski,goldsboro,27530
00284309,elaine,smith,marion,28752
00737367,ann,hornsby,charlotte,28209
04919090,hubert,parker,blanch,27212
06651039,rita,brown,selma,27576
00521786,john,norton,mocksville,27028
02781153,donald,hunter,ocean isle beach,28469
06837230,emily,kendall,charlotte,28226
06905015,david,mccarthy,wilmington,28411
00512447,david,traynham,fayetteville,28311
03182501,marie,peaks,williamston,27892
02000151,annette,campbell,hamptonville,27020
06927372,michelle,miller,goldsboro,27530
07159712,michael,delp,hudson,28638
07736949,patricia,johnson,rougemont,27572
05183451,michelle,mabarak,waxhaw,28173
01603535,tonya,triplett,traphill,28685
01005338,dawn,cathey,stanley,28164
08211571,josephine,warren,middlesex,27557
03252559,cristina,conca,greensboro,27410
02607223,patricia,wolfe,waves,27982
05761858,michael,elijah,wilmington,28403
00881696,susan,wright,graham,27253
06265985,donald,kirkpatrick,wake forest,27587
03938173,elizabeth,perkins,apex,27502
03795364,david,moore,mooresville,28117
02299776,ruth,natsch,murphy,28906
04521052,teresa,harvey,elizabeth city,27909
04676257,harry,fulton,winston salem,27101
02682557,matthew,mckay,fayetteville,28301
03135462,brent,ford,valdese,28690
07321337,adeleen,martinez,charlotte,28262
08084849,adriana,camacho,graham,27253
02845756,kevin,modaress-razavi,charlotte,28202
00197296,lucy,locklear,pembroke,28372
00505782,vera,mcgrady,asheboro,27205
05253089,robert,hatley,statesville,28625
02345088,margarete,basner,greensboro,27407
02875772,tony,wall,hamlet,28345
07020171,anna,edkins,emerald isle,28594
02104320,tracie,beaver,canton,28716
05748213,michael,ferguson,bunnlevel,28323
07716064,darious,jordan,greensboro,27405
06930648,philip,bolick,hickory,28601
01112493,gary,brown,chinquapin,28521
06729879,eric,jones,greensboro,27410
01814919,mark,elmore,waxhaw,28173
06172557,rodney,williams,charlotte,28216
03149089,russell,roberts,mooresville,28117
04310278,rudolph,nash,new bern,28562
01142496,marie,sands,durham,27705
00449241,clyde,lynn,grifton,28530
04695958,wesley,long,shallotte,28470
04713547,arthur,hofmann,wilmington,28412
00882833,malachi,evans,raeford,28376
00432095,wilma,young,sylva,28779
03972042,heather,reinelt,chapel hill,27514
01728981,james,parker,conover,28613
02354021,charles,shields,chapel hill,27516
00363799,mary,laningham,salisbury,28144
01542670,patricia,sarmiento,rocky mount,27804
06523689,betty,foskey,washington,27889
02478264,misty,bachman,gastonia,28052
00335450,joseph,deviney,granite falls,28630
01798693,james,robinson,wendell,27591
03404251,craig,ulmer,raleigh,27614
01668684,sylvia,miller,concord,28025
07427217,richard,borov,kings mountain,28086
04882239,jeff,stevens,chapel hill,27514
05029197,ruby,church,mooresboro,28114
07577109,adam,haag,raleigh,27606
03914143,vernon,weedon,wilmington,28401
04387496,toni,davis,raleigh,27604
05837596,jordan,lukacena,black mountain,28711
01860788,vivian,little,oakboro,28129
07029853,barbara,stuke,leland,28451
01752750,daniel,collins,burgaw,28425
06491471,ronny,vest,star,27356
03386917,suzanne,regan,raleigh,27606
05656763,anna,publow,candler,28715
02587153,jessica,dixon,oxford,27565
01011130,patricia,maness,state road,28676
04882353,megan,boyd,durham,27713
07756940,ariel,morgan,lexington,27292
07700467,kenyon,cameron,durham,27705
01136536,john,west,clinton,28328
01725744,karen,hensley,mooresville,28115
02865630,dawn,santucci,raleigh,27606
04684255,patricia,hatfield,catawba,28609
06274717,steven,rush,mooresville,28115
01919921,melanie,becton,greenville,27858
04942518,kaitlin,strauss,durham,27707
00885638,michael,durham,north wilkesboro,28659
04918850,stella,patrick,cherokee,28719
04861201,roshena,morrissette,charlotte,28215
03581115,lorelie,page,grifton,28530
01875444,janet,godwin,vanceboro,28586
01665712,elisabeth,long,linwood,27299
02853594,debra,grady,trenton,28585
05296275,ashley,honeycutt,salisbury,28147
01368948,william,tilton,raleigh,27613
00562885,claude,mcmahan,winston-salem,27127
01678583,iris,carman,wilkesboro,28697
04084160,vera,chiasson,spring lake,28390
01412792,tim,tabor,burnsville,28714
01526614,christopher,porier,charlotte,28204
05150973,crystal,pruitt,carthage,28327
02241873,james,williams,kernersville,27284
06620011,jasmine,canty,wilmington,28401
07247484,anthony,jordano,indian trail,28079
01361373,nela,horton,zebulon,27597
01436009,carey,wilson,hendersonville,28792
07552570,arnai,hines,raleigh,27612
07408219,joel,levan,taylorsville,28681
01611892,lisa,adkins,rocky mount,27803
00253577,mickey,minor,advance,27006
05786029,carol,smith,charlotte,28226
07610398,kelly,tomfohr,durham,27705
01573067,yvette,drafton,charlotte,28212
05417076,laura,lane,greensboro,27408
04788610,el-amin,aalim,blounts creek,27814
06082746,pamela,dixon,harrells,28444
05709832,kimberly,lopresti,alexander,28701
05045533,jose,rosales,lenoir,28645
07074948,jerrin,kollick,boone,28608
02088856,roy,elliott,candler,28715
01310557,elizabeth,woody,greensboro,27403
01192712,mary,cromartie,wilmington,28403
00155674,grace,white,kings mountain,28086
06356417,david,cass,smithfield,27577
07265807,tamiya,little,salisbury,28144
02267877,jayne,hannah,raleigh,27613
04438295,amy,jones,shannon,28386
06112051,maha,abdallah,charlotte,28270
03475877,lua,smith,black mountain,28711
06622178,samuel,jones,cedar grove,27231
03511183,melinda,danner,canton,28716
01359340,melissa,rouse,raleigh,27615
01433896,james,conrad,lexington,27292
02682901,carolyn,krystoff,raleigh,27606
01822972,julie,stewart,barnardsville,28709
00775358,catherine,garland,greensboro,27403
04920532,richard,harris,winston salem,27106
04615825,jenelle,davis,charlotte,28277
02977472,robin,phillips,concord,28025
04376500,amanda,nelson,salisbury,28147
00759939,margaret,parcell,arden,28704
00928980,elizabeth,cobb,morganton,28655
00995961,mark,gordon,etowah,28729
02499639,tamara,keen,winston salem,27110
00647741,catherine,flake,clinton,28328
05801416,ronald,carpenter,shelby,28150
06129448,elizabeth,maciver,hickory,28601
02472306,shameka,massey,browns summit,27214
01834041,leslie,surles,benson,27504
01613384,jeffrey,hunsucker,trinity,27370
02474113,clyde,sheriff,colerain,27924
02088430,william,everett,burgaw,28425
00006668,edith,pope,creedmoor,27522
00826696,james,brown,huntersville,28078
02401163,dewayne,gardner,bakersville,28705
07322993,zacharias,ingram,godwin,28344
07857418,jason,anderson,fayetteville,28314
07131622,noel,kessler,concord,28025
03007531,gloria,powell,wagram,28396
06746157,allan,mccutchen,charlotte,28270
07772936,michael,rodriguez,creedmoor,27522
02548944,morris,collier,cameron,28326
06737070,william,curran,deep run,28525
02424757,michael,tucker,rockingham,28379
02317868,billie,latham,apex,27539
01880412,betty,daniel,eden,27288
06816807,haley,mcpherson,stedman,28391
05109108,nancy,campbell,statesville,28625
06281803,michelle,granger,morrisville,27560
00926141,joyce,clements,rocky mount,27803
01371844,christine,hunter,charlotte,28227
02480890,william,sturdivant,charlotte,28269
05164941,todd,seymour,new bern,28562
02842986,damon,stackhouse,fayetteville,28305
04695430,john,strahan,greensboro,27407
06724754,robert,kiser,stanley,28164
03244925,robert,fischer,matthews,28104
01503378,deborah,mcallister,burgaw,28425
07715549,john,hay,shallotte,28470
01170881,marie,lawrence,henderson,27536
05226922,john,bradley,high point,27262
04530890,cherica,baker,winston salem,27107
01499726,robert,wagers,siler city,27344
06552513,emily,frachtling,chapel hill,27514
02642927,garnett,cumbo,east flat rock,28726
00467897,margaret,whitaker,pittsboro,27312
01309397,shirley,barbour,morehead city,28557
04656963,rebecca,baron,fayetteville,28311
05780913,lilly,yiengyouav,hickory,28601
05342015,james,fiebig,peletier,28584
07339902,chad,harding,mocksville,27028
00121838,velma,allen,ramseur,27316
07563007,kim,goodman,durham,27712
03623029,a,shea-henderson,raleigh,27613
07023107,lisa,barna,stanley,28164
08151867,ronald,jefferies,gastonia,28054
04378384,heather,jones,zirconia,28790
04521407,sarah,froeber,carrboro,27510
04554496,sade,johnson,durham,27707
05360187,sandra,gentry,raleigh,27610
03001634,hazel,mcrary,lenoir,28645
03237943,gregory,carter,graham,27253
04737661,roderic,logan,wilson,27893
06976436,shequita,ross,lawndale,28090
00484282,teresa,hackler,efland,27243
00046219,nancy,wampler,charlotte,28270
05507942,maureen,fletcher,rocky mount,27804
07134669,chan't'l,carter,raleigh,27610
05511217,william,anderson,apex,27523
00834776,jasper,taylor,kinston,28504
02270973,linda,moorer,matthews,28104
02461237,rebecca,gay,leicester,28748
00546056,becky,ferguson,waynesville,28786
06004090,phyllis,harrison,wilmington,28409
01378263,roger,mason,connelly springs,28612
04885749,laura,ryan,elizabeth city,27909
00149305,douglas,smith,goldsboro,27534
07380773,april,clarke,semora,27343
00604043,john,schlessinger,chapel hill,27516
03063493,elizabeth,burris,raleigh,27612
06572970,kevin,gaddy,concord,28025
06772508,jennifer,herr,cameron,28326
08075167,heather,pave,kannapolis,28083
07666952,stephen,pontillo,winston-salem,27107
03953583,raymond,coutu,ernul,28527
08179267,terry,dawkins,kings mountain,28086
03214980,dawn,dunovant,eden,27288
01742473,betty,almond,rockingham,28379
00387226,dorothy,bearden,cedar point,28584
02087287,james,goodwin,stony point,28678
07671373,gregory,pendergraft,raleigh,27617
04761901,joshua,giffin,andrews,28901
04447393,paula,shaw,statesville,28625
04594430,laura,still,wilmington,28411
02459075,diane,rainey,oxford,27565
05192239,yasmin,zonar,durham,27707
06727277,jan,beresford,raleigh,27614
07727820,thomasina,wallace,wilmington,28412
07223335,carol,noble,hickory,28601
07852365,mary,singletary,goldsboro,27530
02724534,steven,hudson,matthews,28105
01064096,rosalyn,parrish-ellington,garner,27529
01766391,vivian,gurley,lenoir,28645
03624320,james,pearsall,greenville,27858
02919415,karen,montgomery,durham,27713
04969707,marilyn,gardner,raeford,28376
05923741,michael,farrow,raleigh,27607
04662584,syed,mehdi,cary,27513
04423655,richard,stephens,midland,28107
00435237,cecil,greene,biscoe,27209
08130391,justin,jones,raleigh,27608
05236759,donald,ferguson,high point,27265
07245830,lauren,norris,four oaks,27524
07684620,amanda,kuipers,sapphire,28774
03157134,thomas,dean,monroe,28112
04086631,ashley,blake,charlotte,28210
04186508,john,purvis,charlotte,28227
00373598,lucille,bailey,rutherfordton,28139
00675108,john,eudy,albemarle,28001
05112048,joseph,futrell,chocowinity,27817
00407533,betty,mashburn,raleigh,27612
03627113,roger,seagle,hickory,28602
04209061,marquez,tidel,charlotte,28213
00623427,james,black,fuquay varina,27526
03718877,william,meisel,erwin,28339
04358228,philip,hall,concord,28027
06767780,anne,difabio,clayton,27520
02707307,john,jones,mount airy,27030
01135431,fonda,craven,asheboro,27205
04237998,latoya,johnson,durham,27713
00887488,terry,souther,north wilkesboro,28659
02189907,lois,weaver,littleton,27850
04659754,krystal,green,wilmington,28403
06030114,alma,dent,rocky mount,27804
06113767,brenda,lewarne,wanchese,27981
07797662,natalie,meadows,wilmington,28403
04521576,jada,snider,boiling spring lakes,28461
05447574,carol,lostbom,charlotte,28270
07454543,ann,wiggins,fayetteville,28311
03328730,nelson,thornton,holly springs,27540
02622097,william,weedman,wilson,27893
01049560,robert,combs,gibsonville,27249
02742670,william,wilson,liberty,27298
05625584,sherry,suich,terrell,28682
05201434,rachel,blankenbecler,huntersville,28078
00970403,darlene,carter,rowland,28383
03729958,catherine,sprague,middlesex,27557
05819399,diana,dutremble,havelock,28532
05473273,timothy,carson,franklin,28734
05648262,pamela,fowler,hope mills,28348
04795776,theresa,faulkner,murphy,28906
02493059,husker,hicklen,charlotte,28208
02008779,warren,lee,dunn,28334
02835261,bruce,lyon,raleigh,27612
03945397,rita,wille,salisbury,28147
02333628,raymond,wall,gastonia,28056
02077529,portia,best,knightdale,27545
04627161,stephanie,green,raleigh,27610
04103150,patricia,fulbright,newport,28570
08060835,kris,mootoo,jacksonville,28546
07299440,judith,zapf,concord,28027
04353324,douglas,luckett,summerfield,27358
02036532,timothy,reeves,mt olive,28365
01536680,david,faircloth,elizabethtown,28337
04922006,julie,dawson,raleigh,27612
05692025,dechristen,demory,asheville,28805
04360451,amanda,jancic,cleveland,27013
01777043,roy,coleman,carolina beach,28428
00724385,mary,miller,salisbury,28146
00021242,jacob,cobb,liberty,27298
01041670,kyle,oakes,statesville,28677
00455035,larry,lowe,olin,28660
05572497,christiaan,smith,winston salem,27101
00445694,shields,harris,rocky mount,27804
00661452,david,stallings,newton,28658
02667522,richard,parrin,cornelius,28031
04522289,rebekka,jackson,charlotte,28214
01739665,anthony,bell,asheville,28806
05459579,amanda,ellis,macclesfield,27852
01488640,anna,hudson,liberty,27298
08121995,robricus,leach,gastonia,28054
02210389,mary,rice,charlotte,28210
02808446,ann,wray,fayetteville,28303
00518066,peggy,jefferson,washington,27889
02639721,harold,holland,faison,28341
07962531,jaeger,wilks,asheville,28801
00413785,john,bolick,hickory,28602
02359805,richard,drews,hubert,28539
03135873,sarah,peterson,roanoke rapids,27870
06752375,michael,habisch,monroe,28110
07484622,trista,stamey,asheville,28803
05500366,evelyn,greene,leland,28451
02856878,mary,crutsinger,waynesville,28786
06073474,john,joseph,durham,27707
03433391,mary,byrd,greensboro,27455
04528657,phyllis,perry,carolina shores,28467
06041437,katie,zickefoose,chapel hill,27514
06569075,julie,freeman,charlotte,28213
04959224,robert,johnson,raleigh,27603
00672398,vickie,miller,wilkesboro,28697
03011065,robert,jenkins,roanoke rapids,27870
06769633,harry,bray,greensboro,27406
00122416,david,smith,kings mountain,28086
03450740,larry,dewalt,leasburg,27291
01109397,thomas,wren,sunset beach,28468
02666532,gregory,ashley,nashville,27856
03951294,michael,mcchargue,clayton,27520
03270095,marlene,taraska,hickory,28601
03162630,charlotte,hale,raleigh,27617
04110015,sean,davidson,belmont,28012
06901379,nathaniel,carpenter,goldsboro,27534
05448771,richard,sexton,laurinburg,28352
05186181,kelly,radford,snow hill,28580
02665369,george,miller,greenville,27858
07884817,jeanette,ormond,snow hill,28580
01578794,carol,mace,pineville,28134
06493720,larry,gooch,clayton,27520
06660638,robert,davis,granite falls,28630
07947878,adrian,macias,durham,27705
05489202,tina,baldwin,rockingham,28379
00815983,prentice,monroe,raleigh,27610
02935335,sarah,owen,marshall,28753
03196116,brian,fields,plymouth,27962
06276571,leah,davis,davidson,28036
01467030,kerry,ringled,hope mills,28348
00865830,sharon,byrd,hays,28635
02151099,amy,ramos,atkinson,28421
05241399,anita,evans,state road,28676
07875931,nicole,mccoy,statesville,28625
01851101,della,phillips,murphy,28906
00136146,clarence,lemons,oxford,27565
04308149,karen,horton,zebulon,27597
06034935,cassandra,curtis,kernersville,27284
06640931,joshua,grant,browns summit,27214
03905489,judith,wainwright,cary,27513
02277720,andrew,thompson,kinston,28504
05305613,douglas,redford,raleigh,27612
00775999,edgar,white,rockingham,28379
08079577,horacio,muniz-manzanares,elk park,28622
04086258,gary,crump,valdese,28690
06036126,lisa,luther,maxton,28364
02355473,jimmy,marks,dunn,28334
02261853,nancy,guyton,winston salem,27105
05803918,cynthia,hedgecock,kernersville,27284
05341282,vivian,ford,seven springs,28578
01182138,lehana,williams,wallace,28466
05699170,joshua,perez,fayetteville,28303
02451648,kisha,hairston-mckoy,winston salem,27104
02463366,wilford,sorrell,jamestown,27282
04151149,kenneth,brown,raleigh,27610
00305602,paul,campbell,council,28434
01167168,patricia,hipp,greensboro,27405
04883751,tara,barfield,vanceboro,28586
03841045,michael,eggert,garner,27529
07454985,jacob,morgan,lexington,27295
05836189,elizabeth,brewer,wilmington,28405
06686447,bryan,vanvleet,cleveland,27013
04716930,linda,wasinger,aydlett,27916
06850837,gary,gaines,asheville,28805
01871305,barbara,dittmer,wilmington,28412
01584632,roberta,turner,charlotte,28277
00852405,phyllis,henderson,hendersonville,28792
02245142,patricia,sprouse,fairview,28730
00897175,edward,cooke,asheville,28804
00042886,albert,daniel,sims,27880
08012600,william,adams,carrboro,27510
02372027,shannan,smith,hendersonville,28792
05889087,mary,hallman,pembroke,28372
04862186,ryan,joyner,camden,27921
03549714,helen,johnson,asheville,28803
05892196,matthew,cozon,chapel hill,27514
06941868,larry,mcdonald,hamlet,28345
07646279,merica,ivey,jacksonville,28540
02869237,amie,lancaster,reidsville,27320
01801752,morell,sexton,raleigh,27608
04274202,peggy,dove,knotts island,27950
05021916,lindsay,dalman,apex,27502
05989561,lemarcus,williams,greensboro,27412
00778859,recie,farmer,angier,27501
08112017,george,mcintosh,belmont,28012
06211771,leander,mccray,fayetteville,28304
05953751,ebonie,colbert,winston salem,27127
07376801,kathryn,asimakopoulos,jacksonville,28546
03706717,mitzi,fulton,raleigh,27610
06480927,christan,reventlow,havelock,28532
06863853,stephanie,gregg,morrisville,27560
04707016,richard,holt,troy,27371
01807547,shannon,heyman,winston salem,27104
00486314,diane,reid,hendersonville,28739
00012072,bernie,stiles,pink hill,28572
06634635,bradford,hinson,concord,28025
08159636,titawanna,mcnair-mcnish,raleigh,27604
00467697,loretta,church,north wilkesboro,28659
04260651,mauricio,lopez,clayton,27520
01188344,eric,nuckles,high point,27265
02910259,barbara,crockett,waynesville,28785
00662396,beatrice,ray,raeford,28376
02235472,ervin,mclean,laurinburg,28352
06934981,tracy,bass,wilson,27893
03758602,wally,kennedy,pink hill,28572
02237951,nina,crisp,robbinsville,28771
03722321,jessica,roark,lenoir,28645
07897321,lauren,reavis,roaring river,28669
01486638,maxine,beisel,lincolnton,28092
02036682,gerald,michaud,mount airy,27030
04618361,troy,lee,oak island,28465
01756368,gary,berrier,winston-salem,27107
01479973,letha,mcneil,raleigh,27610
04633840,weldon,rackley,wilmington,28409
06958466,maria,vadeboncoeur,asheville,28803
02610398,johnnie,hairston,greensboro,27406
04240578,sandra,whaley,kinston,28504
04149847,daniel,wyrick,china grove,28023
07218732,cheryl,hammond,ahoskie,27910
05234641,laurie,rottger,indian trail,28079
07434306,cole,magdefrau,raleigh,27614
04239912,heather,williams,greenville,27858
02978405,preston,frick,vilas,28692
00326808,walter,wall,morganton,28655
06172245,richard,deshields,sanford,27332
08001026,floyd,poole,salisbury,28146
01133797,hattie,baker,lumberton,28360
07318301,kayla,mcrae,red springs,28377
07946606,jessica,vause,mount holly,28120
02309546,james,chambers,cary,27519
07411812,james,boone,jacksonville,28540
05887400,albert,ashcraft,monroe,28112
06692701,jennifer,fields,indian trail,28079
03672275,maryanne,cantrell,wake forest,27587
07258699,julie,paradis,lexington,27292
06788203,timothy,hendrix,monroe,28112
04815168,lynn,day,cherryville,28021
08180598,shirley,funk,asheboro,27205
01506482,yvette,atkinson,middlesex,27557
06286065,houston,patterson,morganton,28655
06222310,james,codie,durham,27707
07833577,kristen,pascal,charlotte,28270
05141237,catherine,jordan,raleigh,27603
00359736,james,upton,asheville,28804
02028996,elaine,sisia,wilmington,28412
03425887,andrew,clendenin,carthage,28327
00108476,ruth,johnson,charlotte,28227
03900005,james,jacobs,wilmington,28401
02515328,james,egerton,macclesfield,27852
03748636,stephen,aichele,wilmington,28411
04844788,judith,barry,dunn,28334
02112223,willie,linster,walnut cove,27052
02352519,rhonda,merritt,wallace,28466
07607930,thomas,george,wilmington,28412
02039738,reba,shoe,concord,28025
02417527,eric,cope,mount holly,28120
07179120,william,hudson,chocowinity,27817
05611971,darius,osborne,charlotte,28213
07263607,steven,wilson,burgaw,28425
04994888,darrell,caldwell,stanley,28164
00111674,dennis,chesson,roper,27970
03451658,veneita,wesley,fayetteville,28314
00558416,marjorie,williams,bryson city,28713
02170514,anna,riddle,green mountain,28740
02307978,bernadette,gilsdorf,jacksonville,28546
05215615,linda,dencklau,cornelius,28031
02866501,shirley,snow,jacksonville,28540
04049358,tera,simon,raleigh,27601
01342820,carolyn,brown,battleboro,27809
00676590,annie,smith,randleman,27317
04299118,eunice,benson,winston-salem,27107
05827348,daniel,moorefield,lewisville,27023
07680713,gloria,hunt,mooresville,28115
04269408,hollie,little,jacksonville,28546
06892826,chelsey,thacker,mount airy,27030
04310204,heather,rice,durham,27701
03505362,michael,mclaughlin,carolina beach,28428
01510327,ronald,cowart,jacksonville,28546
00757940,james,bailey,burlington,27217
08138497,paula,goodman,whitsett,27377
02071504,roy,garrison,graham,27253
00836832,jerry,jones,lewisville,27023
08225353,marilyn,blackard,castle hayne,28429
03886934,kyle,hicks,north wilkesboro,28659
06886055,karen,fuller,wake forest,27587
05062088,lynnette,searles,greenville,27858
02691385,melissa,soucheck,charlotte,28202
07213836,autumn,sutton,weaverville,28787
07543055,kelsey,arnder,king,27021
06090732,janet,gallegos,selma,27576
05490092,jong,kim,whitsett,27377
00520591,steve,carswell,kernersville,27284
05445327,marcia,lebold,charlotte,28269
05544362,thomas,davison,burnsville,28714
07438284,tina,brown,statesville,28625
03502428,ella,cartrett,stanley,28164
02905871,milton,smith,princeville,27886
04007820,lisa,ducey,morganton,28655
02346262,robin,craycraft,china grove,28023
07448006,william,buie,hickory,28602
07279054,ida,brady,hendersonville,28792
08134520,kevin,morehead,greensboro,27407
02778601,beverly,mccann,charlotte,28211
03910754,jason,chipps,charlotte,28277
01603534,kenneth,griffith,marion,28752
02190256,ladonna,culbertson,mooresboro,28114
08176184,paul,dixon,raleigh,27610
07748855,kevin,steinhoff,hope mills,28348
01985731,william,fewell,durham,27712
02376210,evelyn,brady,reidsville,27320
00183357,alfred,futrell,chinquapin,28521
03322826,holly,barber,greensboro,27407
03315563,charity,price,washington,27889
00587244,carolyn,pendergrass,claremont,28610
03471826,christy,lusk,asheville,28805
07499415,gordon,hobbs,waxhaw,28173
02917283,samuel,moore,kannapolis,28081
02920752,preston,short,coats,27521
04277688,jennifer,tamberella,gastonia,28054
03415801,kenneth,dethlefs,state road,28676
01804280,larry,johnson,burlington,27215
06208312,karen,james,andrews,28901
03629497,jessica,bumgarner,lincolnton,28092
04689849,russell,flahie,pinehurst,28374
02607016,daniel,rowe,hendersonville,28791
00899345,laristine,bullins,asheboro,27203
02100422,sylvia,pearson,oxford,27565
02375979,heather,parnell,new london,28127
06250437,michael,carroll,charlotte,28216
01920457,brian,turner,elm city,27822
02734023,james,smith,indian trail,28079
00245642,shirley,murphy,youngsville,27596
01006187,effie,haywood,bladenboro,28320
07179998,anthony,clements,kannapolis,28083
02962399,kunlina,chea,charlotte,28278
00127431,owen,strickland,bailey,27807
04666278,brooke,johnson,wilmington,28412
02583335,cheryl,smith,marion,28752
04201782,walter,everitt,mooresville,28117
03668521,george,novotny,raleigh,27613
01882782,teresa,bowden,jackson springs,27281
03013030,bishop,minter,greensboro,27405
04820883,elizabeth,osbahr,hickory,28602
00852782,donald,burnette,king,27021
00116380,thomasina,hawkins,lewisville,27023
05113657,kristen,ruehl,highlands,28741
03086497,derian,ballard,jamestown,27282
02614674,clayton,holder,aberdeen,28315
06339743,edward,bosley,greensboro,27401
05349520,patricia,wyatt,raleigh,27616
03219085,james,poteet,washington,27889
00343155,carol,owens,winston salem,27106
01751533,william,fleeman,durham,27712
05867462,daniel,mclellan,durham,27701
07242602,joshua,macgibbon,wendell,27591
07153120,barbara,cushing,bahama,27503
07618110,alford,hester,eastover,28312
06818659,mary,coates,willow springs,27592
07480410,beverly,bigelow,reidsville,27320
03708130,jessica,bradley,rutherfordton,28139
06029303,wanda,white,durham,27701
06835725,velma,joseph,kinston,28501
01865004,clyde,mcneill,kernersville,27284
03103118,robert,dandrade,statesville,28625
07136442,maryhelen,simpson,morganton,28655
01642193,william,tart,four oaks,27524
00175540,ronald,isley,burlington,27215
05063855,nicole,newell,fayetteville,28314
00338909,john,pulliam,reidsville,27320
07729141,thomas,finn,summerfield,27358
04343624,amy,locklear,lumberton,28358
04856700,tracy,mitchell,charlotte,28216
01137823,phyllis,macon,seagrove,27341
05069385,misty,mcneilly,lawndale,28090
06673194,kiara,kearney,henderson,27536
03587343,emmanuel,pegram,raleigh,27614
04694754,tammy,rankin,cornelius,28031
06032957,adam,murphy,winston salem,27107
02636897,barbara,herndon,creedmoor,27522
01821701,joyanne,benfield,morganton,28655
07925464,caroline,henderson,charlotte,28209
01083974,bernice,boyd,charlotte,28214
00889525,charles,mitchell,roaring river,28669
04586924,chad,twigger,statesville,28625
04447217,tina,rudisill,dallas,28034
04198406,derrick,hines,greenville,27834
01221028,virgiline,strickland,hamlet,28345
08010366,robert,taylor,wilmington,28405
04626552,stacy,reppo,belmont,28012
01814857,dale,shuford,conover,28613
01355436,virginia,aull,zebulon,27597
06701370,sherelle,carney,fayetteville,28314
01769287,robert,mills,mount airy,27030
07865935,alisha,byrd,thomasville,27360
07262223,willa,miller,hendersonville,28792
05500136,tracy,moore,ellenboro,28040
00614982,stephen,smith,albertson,28508
03187314,richard,sexton,concord,28025
05915787,leroinessa,abraham,concord,28027
04511941,carol,sowell,marshall,28753
07103356,david,ward,wilson,27893
00205683,george,hess,raleigh,27609
01268370,rayford,mcclain,fuquay varina,27526
05416179,dwight,davis,huntersville,28078
01988251,cynthia,morris,columbus,28722
01471451,george,doughtie,roanoke rapids,27870
01617573,joseph,taylor,roanoke rapids,27870
06058668,lydia,ragin,charlotte,28208
05238252,alfred,hand,tobaccoville,27050
04653214,dolores,sommo,sneads ferry,28460
01850160,timothy,morehead,greensboro,27406
05829941,yoshiko,barger,jacksonville,28546
07102724,sandra,buck,charlotte,28214
06715876,angela,anthony,bethel,27812
02693620,michele,high,whiteville,28472
00801352,marion,baker,hope mills,28348
03118065,cleland,ramsey,cherryville,28021
05831341,azddine,dkhir,cary,27513
02999302,wendy,shadrix,raleigh,27615
07968816,teresa,carrasco,charlotte,28226
05780023,aaron,cote,concord,28025
06081739,laurey,harris,charlotte,28269
06218550,debra,seal,sanford,27330
03926243,aimee,newber,rocky point,28457
03269796,wilbert,redfearn,charlotte,28205
05423376,austin,hargett,monroe,28110
02806672,jerry,hamlett,roper,27970
04551504,charles,graham,salisbury,28144
04916776,beatrice,davis,goldsboro,27530
04641138,danielle,mugford,winston salem,27104
07723946,lashonda,bailey,cullowhee,28723
03100821,jeffrey,ratley,wilson,27896
01464216,rodney,allen,wilmington,28401
06586454,laurie,crisalli,concord,28027
04224343,pamela,kennedy,raleigh,27610
01966642,larry,walls,goldsboro,27534
04498161,christopher,fisher,fayetteville,28311
06316445,elizabeth,cantrell,tobaccoville,27050
03087442,shawn,jones,charlotte,28202
04098888,jason,stanley,chapel hill,27517
04463095,lisa,morgan,charlotte,28269
00243453,william,vereen,supply,28462
01270953,lucille,williams,wendell,27591
06600932,jonathan,rocco,asheville,28805
06218597,darryl,lentini,lexington,27295
03657387,crystal,shavis,matthews,28105
04616218,tina,mills,hillsborough,27278
03894987,mattie,wilson,apex,27539
04177704,lori,mauldin,sanford,27332
04703148,michael,wilson,apex,27539
05579844,kahe,rusan,raleigh,27610
00660374,michael,arnholt,fayetteville,28304
04897429,lakshmikantha,pothireddy,apex,27523
06838310,marquita,hoffler,elizabeth city,27909
05216510,rodney,frazier,greensboro,27403
07828810,dracarus,mcbrayer,forest city,28043
05437368,jennifer,howell,raleigh,27613
05331173,melody,howard,havelock,28532
00530707,dorothy,stanley,mt olive,28365
07233371,shaleeta,jones,greensboro,27410
01530710,tony,bebber,hickory,28602
00807036,vernon,leverett,lexington,27292
04260281,matthew,matter,fuquay varina,27526
02005398,samuel,mcdaniel,advance,27006
00405869,annie,brooks,lansing,28643
01044466,gary,gillespie,elizabethtown,28337
05938389,amber,richardson,durham,27707
06325550,florence,scott,greensboro,27410
05044541,robert,mccann,whittier,28789
03623062,diane,chandler,fayetteville,28304
03753746,patricia,ayers,oxford,27565
05194600,sherry,houser,vale,28168
06520038,naimah,muhammad,gastonia,28054
04220715,philip,ervin,wilmington,28405
03329068,troy,sager,raleigh,27608
02924429,gary,irwin,black mountain,28711
03109783,ashley,moring,jamestown,27282
04108539,ashley,rivers,sylva,28779
00164038,carl,crews,knightdale,27545
01894916,carlotta,fox,lenoir,28645
03675402,linda,blackwelder,salisbury,28147
07698145,cody,stanley,clinton,28328
01096784,richard,volz,sanford,27330
07926142,cenderiea,bell,charlotte,28216
06290124,dondrea,jackson,durham,27707
03502683,tammie,amerson,raleigh,27610
02846318,todd,davis,belmont,28012
04392836,blythe,gridley,winston salem,27104
06700029,jerry,harris,raeford,28376
05434987,jennifer,collier,wilmington,28412
07880896,carl,burkhart,brevard,28712
04677323,virginia,wilkins,goldsboro,27530
03054302,susan,hunsucker,terrell,28682
02107611,rebecca,carter,mount airy,27030
01426656,vivian,wood,burnsville,28714
01451870,pamela,leigh,kings mountain,28086
00762386,lee,jones,asheville,28806
04501845,desiree,watson,charlotte,28212
08131909,edward,beck,durham,27703
06704379,joseph,mccord,cullowhee,28723
04871388,lauren,seymour,snow hill,28580
00414032,nancy,bruner,mount airy,27030
06495564,sylvia,cooper,asheboro,27203
03698870,andrea,carter,gibsonville,27249
05144358,doris,koerner,kure beach,28449
05285317,stephen,swenson,apex,27502
01904107,carolyn,kinley,sophia,27350
02463007,jeffrey,williams,reidsville,27320
03705323,roland,bersch,fayetteville,28304
07523357,gabriel,macaluso,cary,27513
00694114,norma,cousins,enfield,27823
01072876,michael,gill,charlotte,28214
01677075,donna,hughes,burnsville,28714
01440304,warren,drake,franklin,28734
00527692,peggy,pratt,wilmington,28409
07306056,tabatha,crockett,zebulon,27597
01631459,juanita,currin,stem,27581
02836283,franklin,bazel,high point,27262
02993465,randolph,york,summerfield,27358
03722520,ashley,stewart,winston salem,27105
05723759,edwin,evans,fayetteville,28311
01942406,veronica,saunders,clyde,28721
02916876,cheryl,braswell,wilson,27896
00144211,evelyn,dawson,goldsboro,27534
03509483,carl,nordman,durham,27707
07399122,jamie,newman,kannapolis,28083
03916629,etta,garth,raeford,28376
05603426,breigh,stanfield,asheville,28806
06552670,jose,alvarez,mebane,27302
02916311,molly,eurey,lincolnton,28092
05164699,jeffrey,rogers,winston salem,27103
00074584,wayne,hutchings,belews creek,27009
07184949,stephen,schmoeger,raleigh,27607
02425257,derek,caulder,raleigh,27603
00386562,mary,dudek,siler city,27344
06277016,moses,mcdougal,charlotte,28269
03419640,theresa,schneider,sunset beach,28468
01554806,sandra,hardee,hope mills,28348
05138554,rosemary,sells,asheville,28803
05370192,vivian,boyd,charlotte,28269
07984342,jennifer,brown,china grove,28023
05791206,ashley,taylor,gastonia,28052
00762192,jerry,phillips,andrews,28901
03440901,sara,rowe,hickory,28601
02805535,wilfred,bowler,black mountain,28711
01490162,ann,thomson,asheville,28804
00770541,alice,heath,cove city,28523
03453170,scott,brown,hertford,27944
06530726,gloria,brooks,cary,27519
08171750,shamieka,heyward,raleigh,27609
07835001,george,lyle,raleigh,27616
03048472,michael,jones,durham,27713
01641867,bobby,painter,marion,28752
03042006,erik,stalte,asheville,28803
04081918,scott,severson,cary,27519
04711676,thelma,collins,raleigh,27614
00274202,clyde,angel,mills river,28759
06382016,brittany,smith,greenville,27858
06577683,amanda,white,charlotte,28205
05346288,frederick,ost,morrisville,27560
07001385,cameron,campbell,flat rock,28731
05006192,matt,lawson,raleigh,27614
00315828,larry,eller,millers creek,28651
04893516,janette,george,carolina beach,28428
03682461,connie,mcdonald,fayetteville,28306
00864529,carol,beam,wadesboro,28170
00877534,carol,mosley,badin,28009
04843755,clayanka,boyd,asheboro,27203
04201179,marlykena,glover,richfield,28137
00037426,helen,finch,wilson,27896
01980948,nada,burnham,charlotte,28270
05265184,cynthia,duncan,gastonia,28054
05014352,michelle,bennett,raleigh,27613
07816809,jeanna,young,chapel hill,27516
02409322,dalphane,navy,charlotte,28203
03763096,teresa,makar,sneads ferry,28460
02190504,michael,vanvelsor,conover,28613
03934550,melvin,roberts,lexington,27292
08117721,scott,bailey,raleigh,27614
03745324,mary,underwood,randleman,27317
03407349,brian,theriault,matthews,28104
07530296,felicia,lee,charlotte,28278
06759880,ashleigh,marshburn,angier,27501
07490845,cassandra,richardson,rocky mount,27801
00055278,william,mitchell,raleigh,27610
06148850,ronald,vanlente,asheboro,27203
04134822,jonathan,horstman,cullowhee,28723
07857363,daryo,morrison,charlotte,28215
05852397,timothy,burnett,burlington,27217
03581684,candy,dixon,rockwell,28138
02884919,jason,demarte,cary,27511
05024568,crystal,siekmann,fayetteville,28306
04995174,kristina,hyatt,cary,27519
03914692,kathy,nichols,raleigh,27604
00854318,joyce,smith,fairview,28730
06894835,mary,rinaldi,jacksonville,28540
00953850,jimmy,blackburn,newton,28658
07483443,timothy,core,raeford,28376
02202066,sylvia,wolfe,smithfield,27577
08210398,gwen,hammond,lumberton,28360
01487770,iola,miller,greensboro,27405
00501807,dorothy,welker,greensboro,27410
02089791,brandy,mauldin,mount airy,27030
02342923,katrina,warlick,morganton,28655
03394813,dianne,blake,fayetteville,28306
01594089,dwayne,fountain,union mills,28167
06367988,robert,epler,morrisville,27560
07832527,maria,perez,charlotte,28213
03754399,david,locklear,maxton,28364
01148502,selby,croom,pleasant garden,27313
05777611,craig,peck,chapel hill,27514
00334805,estelle,milliken,ash,28420
05630653,otis,durham,kernersville,27284
06834849,julie,simmons,greensboro,27405
07362827,alma,raymond,clemmons,27012
00220035,marsha,childers,charlotte,28277
06069518,matthew,murphy,monroe,28110
03794944,willie,ross,st. pauls,28384
03609646,jamie,robinson,monroe,28110
06827917,keith,flood,raleigh,27609
02587303,jessica,wagner,hendersonville,28739
06177318,jessica,mishoe,chadbourn,28431
05305812,jahlil,shipman,charlotte,28215
03763481,arthelia,mason,raleigh,27616
07787172,damion,ballard,high point,27262
04304241,richard,jones,hubert,28539
04029635,kim,rogers,charlotte,28214
03072397,laurence,upshaw,clemmons,27012
07859603,thomas,bailey,roseboro,28382
03015290,crystal,strickland,kenly,27542
00260396,everett,beckner,greensboro,27405
02367945,sherri,freeland,asheboro,27205
00650309,robert,barefoot,clinton,28328
07429114,lauren,caraway,raleigh,27606
07977684,bryan,morrison,todd,28684
02815570,debra,bartholomew,knightdale,27545
01571834,ira,ellis,charlotte,28210
05683789,valerie,crutchfield,raleigh,27612
04807133,jennifer,almond,raleigh,27613
05567148,dannlys,morel,fayetteville,28306
03981770,patricia,rosencrantz,oriental,28571
03595114,billy,noble,manteo,27954
07950158,rashennia,braswell,rocky mount,27801
01422366,teresa,caldwell,laurinburg,28352
04593582,bobby,allen,morganton,28655
03615978,lakeysha,sawyer,charlotte,28212
06717868,thomas,rogozinski,statesville,28625
08024961,denise,wilson,newton,28658
05437864,margaret,watkins,reidsville,27320
02478917,kenneth,taylor,knightdale,27545
04968045,sheena,neseth,merritt,28556
04037015,michael,hoff,asheville,28803
03930952,robert,swetnam,high point,27265
00737927,annie,williams,charlotte,28277
07120859,wanda,mosley,raeford,28376
07256766,frank,robinson,winston salem,27106
05335266,daniel,thornhill,south mills,27976
08148616,walter,harris,charlotte,28216
02293199,kristine,dormagen,rocky mount,27804
04217798,joy,greene,high point,27265
01670025,patricia,brady,gastonia,28054
07090485,lisa,bennett,polkton,28135
06742070,hao,nguyen,greensboro,27409
07716748,jennifer,bost,charlotte,28262
07953428,robert,harwell,mars hill,28754
01997842,patrick,smith,salisbury,28146
07808604,david,huizenga,denver,28037
02205074,sharon,cooper,greensboro,27407
06559605,ronald,handy,ruffin,27326
01396873,ronald,shelton,roxboro,27573
05223308,paul,ramey,asheboro,27203
04113077,kathleen,mcgarry,cornelius,28031
04374318,teresa,hopkins,high point,27265
00388513,larry,sellers,hayesville,28904
03081221,arlene,molnar,monroe,28110
05859131,patricia,ray,lake toxaway,28747
04630856,marilyn,davis,charlotte,28273
03897311,david,locklear,st pauls,28384
08056862,darrell,smith,raleigh,27610
05634900,garry,grice,wendell,27591
06091090,andre,haughton,charlotte,28269
04425029,gillian,king,whittier,28789
01098278,william,connor,seven lakes,27376
03914638,kathryn,armet,matthews,28105
05663285,christine,cota,grimesland,27837
02756540,john,morgan,saluda,28773
05598550,larry,collins,rocky mount,27804
04502090,beth,gemmell,winston salem,27106
02054360,barbara,dubroff,hendersonville,28739
07621247,corie,hampton,spring lake,28390
04156722,kenneth,rich,canton,28716
08190797,travis,lawrence,charlotte,28212
01763924,lora,sanderson,lumberton,28358
07159137,georgeann,casey,asheville,28803
07777536,kimberly,stempien,winston salem,27106
04933756,todd,mounce,monroe,28110
06181973,terence,barber,indian trail,28079
04475236,sonya,hill,wilson,27893
05652644,regina,leikam,gastonia,28056
03518046,jeffrey,trull,marshville,28103
03416745,monica,macomber,charlotte,28227
04419854,monique,rice,gastonia,28054
00339948,lovelace,thompson,elkin,28621
03208428,james,clark,durham,27705
05073803,tyrone,williams,jacksonville,28546
07726034,stanley,trojak,durham,27707
06569493,cynthia,burroughs,pikeville,27863
03918115,kevin,wallin,mooresville,28117
02427604,cartez,washington,charlotte,28212
05971101,rebecca,lin,hickory,28601
05149244,mary,von werne,moncure,27559
01807910,susan,wagoner,jonesville,28642
03411601,rachel,hutcherson,troy,27371
02116238,james,wilson,lincolnton,28092
07413192,amanda,farley,reidsville,27320
02554329,jared,bulvanoski,raleigh,27614
06072051,heidi,hines,cornelius,28031
00763185,debra,teague,thomasville,27360
00893858,joy,crosby,hickory,28602
07453510,mariah,barnes,boone,28607
06984284,christopher,pearson,greensboro,27406
07289072,cheryl,trovinger,hendersonville,28791
02589653,jeanette,wright,winston salem,27106
04866658,mario,salinas,charlotte,28212
05040536,catherine,collins,denver,28037
06954297,laura,miller,wilmington,28411
03497212,stephanie,williams,seaboard,27876
04945845,david,cathey,burlington,27217
00813518,david,oneal,raleigh,27612
01624556,hazel,hanks,elkin,28621
01340828,nancy,donnell,greensboro,27405
03049227,nancy,russo,concord,28027
06055405,rodell,koonce,la grange,28551
07179875,james,evans,winston salem,27107
04962093,flare,simpson-brown,charlotte,28205
03456645,nancy,cole,beulaville,28518
02761565,melissa,oakes,mount holly,28120
04295481,jeanne,artzer,goldsboro,27534
06888718,brandon,jennings,fuquay varina,27526
00963014,william,bridges,salemburg,28385
07456300,jenna,wood,chapel hill,27514
06761790,daniel,hiatt,burlington,27215
00420117,thomas,gaskill,wanchese,27981
03192046,sheryta,moton,raeford,28376
02314635,bradley,moss,newton,28658
00806414,pamela,johnson,mocksville,27028
01502904,lisa,brown,conover,28613
00760304,carl,millinor,wilmington,28405
02618702,sharon,rich,goldsboro,27534
03403577,sadie,bauguess,thurmond,28683
02417732,hilan,loftis,granite falls,28630
06832016,maya,smith,charlotte,28216
04307875,lu chana,murphy,fuquay varina,27526
00739778,robert,kinniburgh,charlotte,28277
02522048,cynthia,gofman,charlotte,28227
04770900,linda,stephenson,waxhaw,28173
05483971,stephen,malloy,orrum,28369
05425266,john,bridgeman,raleigh,27614
02843249,beverly,varner,goldsboro,27530
06351898,brittni,fontenot,raleigh,27616
00106236,bonnie,maready,beulaville,28518
02244285,alice,moore,gaston,27832
04457517,jeanne,galle,wake forest,27587
03225217,stephanie,johnson,greensboro,27406
06684886,gabriel,delerme,raleigh,27612
07405170,alina,klosowska,sanford,27330
03730268,elmer,wynkoop,louisburg,27549
03412468,charles,butler,mooresville,28117
06303445,corwin,thompson,wilmington,28403
02147946,mary lou,young,charlotte,28226
07438219,desnore,wilkins,enfield,27823
07415541,ryan,murphy,charlotte,28214
01544167,george,linton,kannapolis,28081
07225699,john,shallo,winston salem,27105
05387809,keith,may,cary,27511
02768754,william,smith,high point,27265
03886634,linda,wood,thomasville,27360
04819187,joshua,price,greensboro,27407
03069665,karen,alexander,fayetteville,28303
02249876,meredith,uber,greensboro,27406
06020913,cale,phillips,raleigh,27613
05479584,debbie,barber,littleton,27850
02688214,eugene,carpenter,new bern,28560
05782096,jody,speas,matthews,28104
02144880,philip,harbin,gastonia,28052
06405360,michael,baggett,clinton,28328
03372014,nathan,straughn,yanceyville,27379
06824774,lauren,crabtree,bahama,27503
00785749,betty,sutton,charlotte,28226
06865681,danny,ayers,ellenboro,28040
01074050,willie,wright,charlotte,28214
03353332,jeremy,johnson,weaverville,28787
00869519,katherine,butler,rocky mount,27803
00723906,gerald,crowder,thomasville,27360
00775666,russell,kerr,salisbury,28146
06833856,hazel,robertson,winston salem,27101
00013927,bertha,summerville,charlotte,28212
07566109,patrick,kitchen,salisbury,28146
07045314,juanita,bynum,wilson,27896
00905005,leah,stjohn,hendersonville,28739
07078450,lena,raxter,raleigh,27608
07235611,thomas,shropshire,belmont,28012
02727752,ricky,goforth,lexington,27292
01871064,latwanna,floyd,fayetteville,28303
03562573,lemart,thomas,winston salem,27101
07769509,thomas,taylor,winston salem,27107
07517084,emily,kukura,chapel hill,27514
04261148,joseph,jackson,fayetteville,28314
04751451,agnes,aranyi,charlotte,28207
01154163,lynn,lamont,new bern,28562
00318846,charles,eatmon,mars hill,28754
06429969,allison,jones,wilmington,28409
00396365,fred,stout,newland,28657
05167243,michael,macbean,leland,28451
03231763,jennifer,snead,creedmoor,27522
06680489,marianthi,hamizidis,fletcher,28732
02549401,david,dowdy,carthage,28327
02001677,james,meyer,durham,27704
07811422,sunita,wright,sylva,28779
05523289,nicole,williams,raleigh,27607
04513816,cheryl,combs,burlington,27215
06969520,stephanie,walsh,goldsboro,27530
07724830,raleak,graham,gibson,28343
04655924,jesse,brantley,charlotte,28212
04773962,lisa,page,halifax,27839
01964974,mary,collier,pikeville,27863
01067177,hilbert,carter,garner,27529
03570610,patricia,pittman,rocky mount,27801
00703598,boyd,huffman,vale,28168
05350096,james,gannon,wilmington,28403
01315128,cherry,goode,jacksonville,28540
00598080,sandra,jones,whitsett,27377
03077193,callon,gillespie,charlotte,28206
05937927,channthou,touch,charlotte,28215
00332799,elsie,whitaker,advance,27006
00102495,mary,quick,high point,27260
02745575,kenneth,greene,monroe,28112
00545320,mary,williams,topsail beach,28445
06336332,heidi,conis,cornelius,28031
00558943,anne,mcmackin,matthews,28105
03068633,kristina,bryan,asheville,28801
08034521,glaceria,miles,trinity,27370
01013195,martha,little,cary,27511
03748909,tiffany,hamlin,zebulon,27597
02227612,venus,ross,china grove,28023
08109724,monica,knight,greenville,27858
05362194,samuel,hammonds,wilmington,28403
00765010,henry,griffin,kittrell,27544
06917997,johawana,neville,rocky mount,27801
01136132,arlene,mcdonald,apex,27539
00258158,thomas,revis,marion,28752
06401735,bobby,peters,greensboro,27401
01625764,luanne,baker,cameron,28326
07351339,ashley,brown,wilmington,28405
02697764,keith,davis,wilmington,28412
07160729,louis,caliendo,kings mountain,28086
02273830,dorothy,haynes,grover,28073
07086450,katelyn,martin,alexander,28701
02102901,rhonda,toft,greensboro,27407
02419751,catherine,caswell,cary,27511
06702635,cara,leutgens,wilmington,28412
07133175,nathaneal,olear,whispering pines,28327
02740123,patricia,norman,timberlake,27583
07771404,anne,hall,mcleansville,27301
03799757,andrew,oliver,concord,28025
01996852,james,norton,otto,28763
06133294,michael,wynant,hampstead,28443
06597153,michael,turner,burlington,27217
03249096,salma,ali,raleigh,27609
02688189,judy,russo,raleigh,27609
06842139,brittany,langdon,dunn,28334
02333827,vincent,davis,kannapolis,28083
01508723,james,brown,winston salem,27107
02612869,amy,koporc,charlotte,28226
02889420,susan,ray,matthews,28104
07966728,emmely,bostic,waynesville,28786
02142167,sarah,thomas,rutherfordton,28139
01765348,luther,snead,roxboro,27573
06661857,tommy,german,laurinburg,28352
00601769,gloria,ballard,gates,27937
01453084,anita,hamilton,fairview,28730
06082909,devin,treadaway,concord,28027
01572064,gisela,lansdale,southern pines,28387
04822358,shavon,brown,charlotte,28269
03025573,victoria,hankins,greensboro,27408
00750730,jerry,hedrick,lexington,27295
01134309,robert,brannon,belmont,28012
07193026,brett,dixon,greensboro,27410
01003482,tyson,wrenn,bahama,27503
07744897,matthew,whitt,asheville,28804
06865985,caroline,miller,charlotte,28262
06001522,jose,cruz,charlotte,28269
03913114,robyn,king,wake forest,27587
05741964,martha,spears,raleigh,27612
08060678,siri,smits,raleigh,27606
01504170,stella,raczes,durham,27707
01879658,alan,amend,wilmington,28411
02845956,barry,winzenburg,washington,27889
00895376,thomas,thompson,southern pines,28387
06671083,stephen,hornaday,chocowinity,27817
00553762,althea,mcnairy,winterville,28590
05849399,yue,yin,durham,27705
03373219,jennifer,herring,clayton,27527
04893155,robert,hultgren,rocky mount,27804
02889272,kimberlee,chavis,mount airy,27030
04616047,pravin,asher,raleigh,27603
06727518,patesha,neville,rocky mount,27804
00922234,deborah,simpson,greensboro,27408
04610987,timothy,wisner,sanford,27330
04809319,crystal,jones,greenville,27834
02162021,john,millard,pfafftown,27040
08002778,laura,chapman,greensboro,27407
08141627,jaimee,wear,fayetteville,28311
08150785,jacob,green,gastonia,28054
05476386,billy,taylor,bryson city,28713
04375053,amanda,rooney,greensboro,27410
01489478,teresa,galloway,fayetteville,28304
06587868,patricia,estabrook,rockingham,28379
05640707,charles,daughtridge,kenly,27542
05335750,daniel,barrow,graham,27253
02916274,francisco,tejidor,raleigh,27615
02853101,rhonda,cobb,colerain,27924
07230399,blaire,spencer,clemmons,27012
05440030,rajyalaxmi,chaganty,cary,27518
01660205,robert,webber,currie,28435
04944802,jeffrey,martin,cary,27518
05152548,adam,bullock,henderson,27536
03985854,matthew,whitt,roaring river,28669
01527147,patricia,kiger,matthews,28105
08060497,kathryn,carey,raleigh,27608
07117133,richard,churn,belmont,28012
07866663,justin,gardner,louisburg,27549
06502558,constance,mccormick,hayesville,28904
05185255,noble,clemmer,moyock,27958
03365677,george,vincent,raleigh,27613
00255396,james,kennedy,greensboro,27405
04377818,martha,wilson,louisburg,27549
03844262,rhonda,thigpen,chinquapin,28521
07044233,jason,roberson,zebulon,27597
06674924,willi,reinhardt,carolina shores,28467
00191804,wanda,padgett,jacksonville,28540
00150202,elaine,freeman,staley,27355
04366507,adrian,portier,arden,28704
04628127,jerry,romans,dobson,27017
03103151,john,tabet,hickory,28601
03975099,flora,martinez,hendersonville,28792
06333510,tiffiany,holcomb,lexington,27295
08039821,james,perry,rougemont,27572
01334022,mary,wertz,valdese,28690
05057923,kathryn,silvey,morganton,28655
02054259,christine,conquest-alyea,shiloh,27974
06119998,lori,hannula,chapel hill,27516
08170158,selwyn,shaw,morganton,28655
02854185,robert,spry,china grove,28023
04506517,tiffany,jackson,fayetteville,28304
03013114,marcheta,henson,concord,28025
06429127,jimmie,higgs,charlotte,28213
02036970,havel,clontz,locust,28097
02768094,thomas,baldinette,wake forest,27587
07886062,ronnie,sifford,salisbury,28144
08194053,deneka,brown,greenville,27858
04380051,leslie,beaver,morganton,28655
02589996,edward,kloster,durham,27713
01262421,norman,rickert,king,27021
05184615,monica,lowe,concord,28025
00148725,floyd,wike,statesville,28625
01245275,elijah,canty,greensboro,27406
07081423,leah,faulk,hampstead,28443
05379929,abadesa,ochoa,high point,27265
01608295,jacquelyn,joyner,greenville,27834
08162807,jayvin,finch,wilson,27896
04738743,regina,higgins,chapel hill,27517
02118136,leslie,mahaffey,fuquay varina,27526
07142839,daniel,davis,raleigh,27610
05646984,joseph,flowers,dallas,28034
00636608,james,pate,burnsville,28714
03315520,audrey,kirk,lexington,27295
04139506,rebecca,sword,burlington,27215
03469680,rachelle,drake,raleigh,27610
01315421,rhonda,long,marshville,28103
00551255,virginia,millsaps,taylorsville,28681
04721133,jeffrey,lynn,southern pines,28387
07741386,hampton,eremic,asheville,28805
08069453,edna,gordon,high point,27262
00159876,john,kiser,seagrove,27341
01351643,emma,swinson,burgaw,28425
00779821,james,campbell,fairview,28730
07078053,phillip,davis,rutherfordton,28139
04895689,robert,hansen,waynesville,28786
00180430,joel,robbins,asheboro,27205
07079185,robin,poole,indian trail,28079
02419872,richard,poindexter,troy,27371
04754081,kendall,thomas,monroe,28110
02321909,george,conley,charlotte,28277
03467484,crystal,bailey,monroe,28110
01125677,william,hearn,winston salem,27106
04761286,toni,pettigrew,salisbury,28146
02839817,virginia,spears,lenoir,28645
00226569,christine,posey,greensboro,27410
02259537,patrick,craddock,nags head,27959
07996772,meka,splitstone,greenville,27858
07215489,timothy,bragg,smithfield,27577
07022468,zachary,grizzard,spring lake,28390
05625009,duane,burridge,south mills,27976
06944015,diane,fitzgerald,hampstead,28443
06655152,clarence,james,raleigh,27615
01033479,johnny,harrington,rockingham,28379
07723397,cedric,scott,fayetteville,28306
07320862,holly,rich,durham,27707
02190139,gladys,buchanan,old fort,28762
07766799,brandi,brink,kernersville,27284
02320373,theresa,kendall,elon,27244
00585235,ted,burris,concord,28025
05549785,robert,lusk,raleigh,27604
04597314,mervin,williams,jamestown,27282
03642535,tanya,moore,greenville,27834
05672016,melissa,jennings,asheville,28801
01758629,robert,gentry,wilmington,28405
02237283,kathy,baity,stony point,28678
01951945,jeffrey,doss,winston salem,27103
02984201,rebecca,kellam,greensboro,27409
05316551,jane,humphrey,lumberton,28360
00319451,carol,lawson,reidsville,27320
04911829,mary,mehlfelt,newport,28570
06836857,lynndie,dellinger,cherryville,28021
05582126,gemayel,bennett,charlotte,28208
04100594,nicholas,stroupe,bessemer city,28016
06669209,jazmine,byers,misenheimer,28109
07869754,jessica,smith,pink hill,28572
02086361,guy,burleson,marion,28752
00591093,william,basiewicz,hendersonville,28792
02313921,crystal,davis,concord,28025
06201984,kelli,turner,raleigh,27617
07071799,dallas,george,high point,27262
07291944,hearl,hall,archdale,27263
04296830,shamar,armstrong,whitsett,27377
04460759,rebekah,cohen,charlotte,28210
00946542,robert,stempler,raleigh,27609
02042116,maria,bailey,connelly springs,28612
04070886,kelly,maloney,indian trail,28079
03998701,ronwixziv,barreiro,dunn,28334
02600563,christopher,sexton,huntersville,28078
07951623,amanda,hemmings,mocksville,27028
07429760,andrew,henderson,denver,28037
01546535,betty,vause,wilmington,28411
04255493,kathy,meares,st pauls,28384
05221459,james,benson,liberty,27298
01811345,michael,toon,oxford,27565
08092188,johnny,robinson,charlotte,28227
03746238,james,tye,asheville,28803
02636860,lawrence,kupp,franklin,28734
05731712,edgar,huamani,high point,27260
06605703,alexander,lugo,raleigh,27604
00283118,leonard,johnson,wilmington,28412
02040237,rupert,biggs,new london,28127
08093308,earl,green,siler city,27344
06164304,timothy,jones,bakersville,28705
01951073,thomas,mcdonagh,mcleansville,27301
07468253,daniel,berry,leland,28451
04027330,patience,drabick,charlotte,28270
02046514,elvin,summerlin,holly ridge,28445
04399054,tina,moss,fairview,28730
01046962,elaine,black,lexington,27292
03577586,craig,smith,winston salem,27103
03052362,teeneeshaw,wright,rockingham,28379
07012644,catherine,teachey,burlington,27217
08147456,griffin,sandifer,swansboro,28584
05477087,kristina,harris,jacksonville,28540
05355694,honed,ghogawala,lenoir,28645
03622811,patricia,faires,asheville,28805
01528374,william,coats,hickory,28602
02382603,timothy,foster,hendersonville,28739
07546651,james,akers,weaverville,28787
00006421,george,walker,winston salem,27106
01048834,sharon,carter,supply,28462
01959530,brian,griffin,ocean isle beach,28469
03373434,edward,butalewicz,statesville,28625
07808426,edwin,ramirez,charlotte,28269
03083150,lucretia,yates,chadbourn,28431
07224579,godwin,ukpabi,winston salem,27106
06686763,mary,winters,yadkinville,27055
04754087,marie,loud,leland,28451
03397758,christopher,green,raleigh,27615
02628992,dorothy,snelson,marshall,28753
01748800,nancy,heiser,arden,28704
06991424,basem,al khtaebeh,sanford,27330
02493591,linda,bennett,lincolnton,28092
07055532,linda,crump,aberdeen,28315
03750050,robert,underwood,canton,28716
05987592,lisa,wildermuth,goldsboro,27534
01679257,addie,hatcher,mount airy,27030
02769642,kay,sharpe,garner,27529
07716655,willie,priest,fairmont,28340
03149261,linda,parker,greenville,27834
04036882,william,cimo,winterville,28590
03452390,michael,schiavo,charlotte,28270
07476039,ashley,miller,jacksonville,28546
03202647,rachael,dobbins,high point,27262
06115818,megan,smith,pembroke,28372
07836914,kaylee,bradford,smithfield,27577
05276196,walter,craig,goldsboro,27530
05318786,sarah,russell,winston salem,27105
00030311,james,cox,raleigh,27606
06025020,ginnette,gonzalez,charlotte,28208
03459454,misty,hicks,charlotte,28213
00188848,ray,cansler,newton,28658
05779707,kay,prowler,arden,28704
05279764,gary,burke,king,27021
07320050,josephine,murphy,harrells,28444
00451209,carrie,carrington,concord,28027
02822871,elda,torres borges,durham,27713
07073214,amy,adams,columbia,27925
04547991,john,mcintosh,gibsonville,27249
01411085,fredy,jones,haw river,27258
08140458,gary,dyer,high point,27265
06750145,jennifer,cascio,huntersville,28078
07019248,kanisha,mcbryde,laurinburg,28352
01142598,linda,lawrence,durham,27705
01618359,kim,reavis,east bend,27018
00171519,margaret,darnell,hickory,28601
07163673,alisa,frondorf,charlotte,28226
00033944,alice,oakley,charlotte,28205
04087732,james,byrd,norwood,28128
07349915,noah,goode,davidson,28036
07339650,wendy,patterson,kernersville,27284
07004240,nancy,lane,charlotte,28210
07801591,denise,polk,fayetteville,28301
01578396,jackie,wentzel,cornelius,28031
06778107,clinton,barden,raleigh,27603
00114049,mary,turner,rocky mount,27803
00101782,dorothy,king,monroe,28110
01717815,kevin,cremmins,apex,27502
00877154,judith,brady,marshall,28753
00021307,james,farlow,greensboro,27407
07137816,kristen,loehr,southport,28461
06569286,john,fox,salisbury,28147
05551913,harold,qualkinbush,new bern,28562
00204275,ruth,gerringer,raleigh,27609
08117700,susan,masyada,raleigh,27610
00753212,sandra,underwood,dunn,28334
06299420,jeremy,cox,fayetteville,28314
06684020,ashley,debruhl,charlotte,28269
04667368,carol,knueppel,granite falls,28630
00564152,bobby,kiger,fayetteville,28314
03721995,david,hall,clayton,27520
07761269,betty,harden,arden,28704
05845496,sheena,porter,zebulon,27597
03430646,judith,rethman,rutherfordton,28139
00790379,edward,horton,valdese,28690
03606030,michelle,baxter,sophia,27350
07461073,tracey,davis,princeville,27886
02402643,varronica,smith,winston salem,27101
03225312,jennifer,jones,boiling springs,28017
00438429,earline,stevenson,charlotte,28216
07154815,john,brigham,new bern,28562
06599468,marcus,jarrell,germanton,27019
05897241,jason,arnold,shelby,28152
07087239,christine,butler,vale,28168
08052090,margaret,shamblin,charlotte,28270
07650324,janeisha,raymond,kings mountain,28086
02695026,cheryl,brayboy,rowland,28383
07294892,kevin,hughes,fletcher,28732
05386987,shelly,beauvais,charlotte,28262
02559677,scott,boyles,pinnacle,27043
04407127,dwayne,nevels,henderson,27537
05504688,olivia,brigham,goldsboro,27534
00870785,cheryl,denton,windsor,27983
06570167,casey,odo,cary,27511
00815789,mario,marsico,cary,27511
04329484,heather,fleming,mooresville,28117
04336049,constance,edge,sylva,28779
01222496,kay,anderson,winston salem,27103
07239008,kelsey,rockstroh,havelock,28532
03869035,johnita,powell,fayetteville,28311
00856633,steven,smith,eden,27288
04557242,nancy,cohen,burlington,27215
07735008,edna,cain,lumberton,28358
05731139,darryl,booker,high point,27265
02017071,thomas,sheppard,fayetteville,28304
02981568,tammy,frizzell,sylva,28779
08049912,amber,cassady,charlotte,28277
06029888,wesley,crysel,north wilkesboro,28659
02637406,gregory,young,apex,27502
01104304,wesley,dail,new bern,28560
05739640,michael,heath,charlotte,28213
07426393,donna,johnson,mount holly,28120
06126190,antoinette,smith,winston salem,27105
05838858,joseph,lex,morrisville,27560
00239713,bobby,hazelton,winterville,28590
06722364,alyssa,clark,fayetteville,28311
05026373,wendy,kennedy,mooresville,28117
00462346,robert,proctor,raleigh,27610
07499959,vivian,smith,asheville,28805
03961661,julie,mitcham,durham,27704
05231205,hayward,jacobs,greensboro,27409
01407308,brenda,sutton,elizabeth city,27909
00578904,torrens,miller,charlotte,28270
01256253,william,ellixson,greensboro,27406
00479014,brenda,locklear,pembroke,28372
04783025,henry,kobiela,wilmington,28409
07265136,stephen,bright,raleigh,27614
01428507,john,eshleman,boone,28607
06870789,tammy,holiday,charlotte,28207
07494248,erin,edmonds,chapel hill,27514
03689577,sharica,shuford,vale,28168
07767866,michael,babcock,hayesville,28904
00248570,sidney,allen,reidsville,27320
02228667,evelyn,sexton,marion,28752
05891619,william,ethington,greenville,27858
06990892,ceirra,ayers,sanford,27332
06813620,susan,silver,wilmington,28401
04736959,anthony,buckson,charlotte,28273
07705223,nicole,pfiester,charlotte,28202
05174795,jodi,greenwald,charlotte,28270
04871092,curry,wilkinson,charlotte,28202
02566961,michael,hamby,millers creek,28651
02050748,leslie,maccammond,charlotte,28262
03885597,toya,nixon,wilmington,28411
03294522,bobbie,mcguire,elon,27244
07552214,johnika,avent,raleigh,27604
01784809,john,bowen,willow spring,27592
07825088,nathan,hays,durham,27705
03401748,phyllis,handley,lexington,27295
07825523,walter,pressley,salisbury,28144
07599632,maria,mcneill,mooresville,28117
04820872,charles,davidson,matthews,28104
01214220,chris,greene,candor,27229
01085249,brenda,harris,statesville,28677
04198537,nicole,musack,winston salem,27104
04740160,kevin,spivey,sanford,27332
08199914,shawntel,giddings,charlotte,28216
01770457,marc,cowan,greensboro,27405
06217088,lisa,provenzano,apex,27539
05248370,amber,smith,winston salem,27127
04414058,amber,carmona,winston salem,27127
06499814,kathy,moore,raleigh,27606
03496377,gregory,park,connelly springs,28612
06247561,deborah,griffin,hamlet,28345
05510475,kevin,greene,hendersonville,28791
00392604,frances,wells,providence,27315
03460372,brian,bruchs,carrboro,27510
05506741,barry,clayton,raleigh,27603
01235853,linda,harris,hendersonville,28791
07142903,jeffrey,carter,matthews,28105
01470330,arthur,curphey,gastonia,28054
05321138,trina,schexnider,monroe,28110
01452097,angela,mitchell,taylorsville,28681
02247006,dolly,scott,goldsboro,27530
05187749,georgine,amerige,raleigh,27614
00702986,david,miller,zionville,28698
05169645,samuel,snapp,charlotte,28270
05593654,kevin,carpenter ii,fayetteville,28314
06480906,christine,bisesti,lincolnton,28092
06770478,irum,peace,summerfield,27358
04791725,leslie,clark,lumberton,28360
05076273,heather,kiper,tarawa terrace,28543
05034168,aaron,morton,hendersonville,28791
00988788,elzo,sprinkle,tobaccoville,27050
08205408,kurt,saulsbury,raeford,28376
01056581,vickie,teal,raleigh,27615
02881727,billy,carter,westfield,27053
06718932,shevonda,chavis,maxton,28364
04099084,tammie,daniel,enfield,27823
03501524,tiffany,harper,roanoke rapids,27870
05778894,amine,noukhaly,chapel hill,27514
04774669,peggy,fuller,henderson,27537
08022513,tonya,gaylor,roanoke rapids,27870
04154170,linda,mundt,wendell,27591
05193663,larry,hubbard,concord,28025
07547786,hansel,bosarge,cary,27511
04258284,charles,walker,charlotte,28269
07562494,amanda,smith,lumberton,28358
06923626,tiara,murray,pleasant garden,27313
04368702,capri,montgomery,morrisville,27560
00748482,leroy,field,jamestown,27282
01586016,viola,rollen,charlotte,28269
01664590,julia,moore,fayetteville,28306
07870373,arooj,chaudhry,greensboro,27410
05740297,cheryle,hurley,rocky point,28457
03109592,edward,watson,lucama,27851
07222799,christine,mcdonald,gastonia,28054
05848253,thomas,applegate,newton,28658
02005225,timothy,webb,hillsborough,27278
06960073,thomas,proctor,smithfield,27577
02852970,rebecca,blackman,greensboro,27406
07681464,sarah,gould,durham,27713
01476339,sandy,nesbit,valdese,28690
06259277,pamela,daniels,washington,27889
02503789,christy,jamison,franklin,28734
01278841,nancy,wilson,summerfield,27358
07534676,genoveva,rivera,sanford,27332
01444374,william,youngblood,shelby,28152
04696457,david,chrisley,lexington,27295
06323659,jessica,faison,dudley,28333
01915131,mertis,gibson,franklin,28734
03112337,christine,burns,wilmington,28405
05823216,gerald,gama,charlotte,28270
07590353,shirley,michl,fairview,28730
04850239,debra,townsend,albemarle,28001
03050289,francina,proctor,winston salem,27127
07971886,kiersten,newby,fort bragg,28307
08035457,viola,mitchell,clemmons,27012
07334516,sandy,hyatt,lexington,27295
01910935,jessie,canup,charlotte,28217
00171557,audrey,warfford,lexington,27292
04480848,nichole,french,greensboro,27455
08207943,sandra,haas,charlotte,28269
00074034,clarence,bost,charlotte,28216
04805411,gayle,davis,kernersville,27284
00936030,anita,byers,forest city,28043
00141109,mary,williams,enfield,27823
04212752,mi sun,yang,apex,27523
01579361,donald,fuller,charlotte,28203
07808090,landon,dirhold,marion,28752
07091699,shakeya,brevard,matthews,28105
04545866,kimberly,harrison,knightdale,27545
03331555,william,reed,raleigh,27614
02368334,roger,mccullough,mooresville,28117
04632378,mary,shea,winston salem,27106
02874016,sandy,wymer,greensboro,27407
05190033,paula,conrad,greenville,27834
06491950,tammy,lawley,sherrills ford,28673
07622691,john,heller,huntersville,28078
03177632,seth,allred,mcleansville,27301
04076637,james,cutrara,durham,27707
02354249,stephen,bowyer,raleigh,27613
03134120,percival,baynes,louisburg,27549
04113327,robert,ward,rosman,28772
04353560,laquita,steverson,warrenton,27589
04090463,philip,harris,angier,27501
02989544,kimberly,krebs,laurinburg,28352
04756987,karen,hudson,kannapolis,28081
02404157,agustin,monroig,fayetteville,28303
03701375,glenda,palmer,pilot mtn.,27041
04574949,nikki,rogers,greensboro,27405
06301809,jerry,dodd,wilkesboro,28697
07409043,andrew,hutson,newport,28570
06048080,rodney,lloyd,kernersville,27284
02987164,lisa,askew,plymouth,27962
07093357,laura,bruner,winston salem,27104
00652082,deborah,ijames,kernersville,27284
05421152,rackell,jacobs,lumberton,28358
01774707,tammy,pandure,raeford,28376
06273254,ryan,ricks,wilmington,28403
06790129,carlton,thornton,carrboro,27510
06132631,torico,mercer,durham,27703
02869952,jerlene,wilson,raleigh,27606
02777823,kelli,mathis,mill spring,28756
02120488,john,parmley,oriental,28571
07918719,constance,graves,charlotte,28227
07047080,kierra,houser,shelby,28150
01063269,elizabeth,dupere,raleigh,27608
04317851,lori,kiers,high point,27265
06216400,sarah,ali,mooresville,28115
01225375,glenda,verbos,newton,28658
01040603,mary ann,brooks,eden,27288
02236413,gerald,robb,hickory,28601
01712010,loris,sadler,gastonia,28054
03477444,dawn,ingraldi,garland,28441
00031317,betty,howison,raleigh,27615
08044259,stephen,chicki,clayton,27520
07110471,jennifer,mcneill,fayetteville,28303
06881393,fidelis,gordon,linden,28356
07349661,thomas,davidson,greensboro,27407
07216120,keith,kepler,asheville,28805
03243655,marilyn,bishop,matthews,28104
04971037,april,pickens,asheville,28806
07549690,sharnett,peterson,harrells,28444
03647198,sarah,hinson,concord,28025
02634930,charles,rector,charlotte,28211
04353041,kari,hensley,candler,28715
03179683,barbara,akers,murphy,28906
07756999,jeffrey,lanunziata,elizabeth city,27909
05300433,rachael,thomas,wendell,27591
06601828,andrea,bailey,asheville,28804
07343818,gabriel,clemente,chapel hill,27514
04751236,alan,lawson,wilmington,28405
06759403,riashawnda,fisher,winston salem,27106
07225426,jason,weathington,winterville,28590
05488507,janet,phillips,asheville,28805
01584462,pamela,shuey,charlotte,28273
03259439,sharon,dickinson,monroe,28110
03688327,jennifer,jones,fayetteville,28301
03524336,john,kelly,elizabethtown,28337
02940535,brandon,wills,chapel hill,27514
00550186,elizabeth,lustig,greensboro,27401
07711353,carolyn,roach,wake forest,27587
04618686,larry,norris,lake toxaway,28747
01828251,robert,boone,waynesville,28786
07189937,laurie,mercer,goldsboro,27530
07369896,darlin,clemons,tarboro,27886
03439062,jennifer,permar,reidsville,27320
02230877,francis,sutton,elizabeth city,27909
04057722,timothy,henderson,hamptonville,27020
02699720,natalie,miller,tarboro,27886
01006842,june,hayes,pfafftown,27040
07634164,jael,dejesus,jacksonville,28546
03932639,amanda,wimmer,greensboro,27410
02155605,susan,griffin,wilson,27893
06537037,violet,githens,winnabow,28479
03721249,margaret,goodwin,laurinburg,28352
00324360,catherine,walker,concord,28027
06564130,valleria,walker,whiteville,28472
00081180,jarvis,garris,goldsboro,27534
03281163,carlos,nunez,morrisville,27560
06072480,ulysses,whitworth,durham,27713
02545565,latasha,etheridge,sharpsburg,27878
02798509,shirley,hebert,hickory,28601
01315881,sandy,brock,high point,27260
05224812,alice,renfroe,charlotte,28226
03968304,darrell,jenkins,cullowhee,28723
00797367,jannie,burton,norlina,27563
03207093,deana,joy,snow camp,27349
03827063,eva,sodano,burlington,27215
05916933,erin,rainwater,greensboro,27408
06984617,courtney,welch,kernersville,27284
06027416,joel,brown,la grange,28551
03502195,mae,potter,west jefferson,28694
02435978,sylvia,thomas,fayetteville,28311
01747979,tammy,hardin,hendersonville,28791
02238552,troy,wishon,rutherfordton,28139
05529556,matthew,del giorno,cary,27519
00780940,sharon,hughes,denton,27239
00959108,lucille,lawrence,asheville,28806
02102307,verlie,fail,spring lake,28390
04421236,elise,black,durham,27707
06512887,mitchell,griffith,charlotte,28213
06953999,jacqueline,siegel,hendersonville,28792
01285685,rosetta,miller,salisbury,28146
02359676,martha,neal,pikeville,27863
06214953,matthew,bateman,hampstead,28443
07297709,leah,west,east bend,27018
06667098,tiffany,reece,barnardsville,28709
01729228,kenneth,heinbaugh,waxhaw,28173
06096601,ashley,moseley,goldsboro,27530
01400531,laura,oakley,carthage,28327
00990010,denver,mcmahan,magnolia,28453
06445785,christopher,longobardi,raleigh,27614
06335690,thomas,holmes,fayetteville,28306
00169945,judith,lawrence,hickory,28601
07045996,karen,wilson,holly springs,27540
04786877,benjamin,florence,greenville,27858
02229841,jennifer,vicks,roxboro,27574
06458842,noah,clark,fayetteville,28314
07455832,nicholas,sands,boone,28608
05521266,jason,boger,high point,27262
06651657,michael,lehmann,siler city,27344
04264221,rodney,paylor,roxboro,27573
05432512,melissa,talbert,asheboro,27205
05162430,michael,hummel,durham,27712
01379217,roy,pattishall,durham,27705
05040640,jenny,underhill,bunnlevel,28323
04544192,zachary,anderson,lenoir,28645
06342790,deanna,littrell,fletcher,28732
05506887,christopher,thomas,leland,28451
01119816,deborah,gibson,hiddenite,28636
01217318,laura,davis,yadkinville,27055
01902081,beth,kelly,charlotte,28211
05080661,katelin,collins,leicester,28748
05794882,daphne,alexander,huntersville,28078
06268505,jody lynn,butler,leland,28451
03575903,michelle,walden,durham,27713
06654394,sharon,thompson,lenoir,28645
04107391,tyler,watts,charlotte,28211
00028311,onslow,bullard,fayetteville,28301
03665478,brian,englert,benson,27504
06937687,laura,coltrain,trinity,27370
03654171,william,cameron,carthage,28327
00387886,pantha,bridgeman,columbus,28722
05101424,adrienne,morrisey,princeton,27569
04922380,sherry,darling,seven springs,28578
02836334,rebecca,mckeel,sims,27880
06063542,jessica,wallace,greenville,27858
04715273,ella,morris,clinton,28328
02176258,benjamin,quick,grimesland,27837
00300808,j,smith,vale,28168
07702378,dollye,allen,kinston,28504
02611225,debbie,smith,high point,27265
03881691,james,hainor,mooresville,28115
07943411,donna,messer,archdale,27263
03495662,janet,purdie,fayetteville,28301
06726879,candice,royall,salisbury,28144
07127510,joey,allseitz,hillsborough,27278
02111443,edith,grissom,stem,27581
02016479,lynn,bell,shallotte,28470
07712920,mattheau,aulisi,waxhaw,28173
05432673,robert,pettis,new bern,28560
00059767,bennie,clinton,high point,27260
00351531,phyllis,wilson,haw river,27258
07135164,jennifer,byrd,saluda,28773
06426465,mary,griffis,fuquay varina,27526
03759024,aaron,horton,hendersonville,28739
01457243,floyd,parezo,oxford,27565
03402970,gerald,reiter,lexington,27295
02911618,larry,whitley,lenoir,28645
07450299,sarah,yoast,moyock,27958
01433862,fairfid,johnson,hendersonville,28739
01401031,martha,groves,wilmington,28412
05653611,michael,davis,zebulon,27597
05570805,suzanne,wilkins,andrews,28901
02923467,eddie,williams,henderson,27536
07445042,timothy,bardecker,goldsboro,27530
06904063,teresa,conner,west end,27376
06138382,crystal,fuller,garner,27529
06360480,kristopher,wilson,burlington,27215
00502582,queen,taylor,beaufort,28516
05028505,james,mcmullen,clemmons,27012
05038152,tyler,kelly,washington,27889
02931288,roy,guin,clayton,27520
03223828,latoya,terry,high point,27260
05039758,joseph,tyler,elizabeth city,27909
06337308,eddie,mcdonald,siler city,27344
00115583,elsbeth,allen,lumberton,28358
04216251,jason,calhoun,advance,27006
06382353,christopher,lane,winston salem,27104
05031513,kyle,helms,claremont,28610
07024880,bryan,hartman,durham,27704
05291476,christine,trompak,jamestown,27282
02051095,belinda,cooper,wilmington,28405
00397658,hilda,clark,kinston,28501
02041864,larry,tallman,kannapolis,28083
04983623,james,thorpe,cary,27513
07016544,misty,coleman,arden,28704
04805251,tabitha,norris,raleigh,27607
01634786,sharon,doster,monroe,28112
03974702,melony,connor,wrightsville beach,28480
05068631,terry,anderson,troutman,28166
00816700,terry,willis,burnsville,28714
02599028,jacqueline,sharpe,wilmington,28403
02683109,carol,robbins,tarboro,27886
05550621,ruben,rivera,charlotte,28211
00566628,patricia,coleman,reidsville,27320
05518203,sherry,english,salisbury,28146
02169410,katherine,collins,rocky mount,27803
04991935,sandra,rugg,salisbury,28146
01351952,jeanne,clabaugh,kill devil hills,27948
05195465,bruce,peyser,durham,27707
00529421,martha,braswell,elm city,27822
00998134,robert,williams,norlina,27563
00498191,glenda,huffman,connelly springs,28612
05192444,justin,worthy,richlands,28574
06994726,debra,lorenzi,charlotte,28277
03229893,matthew,huffman,raleigh,27607
00248894,mickey,ball,eden,27288
02107222,lewis,coppley,lexington,27292
03489265,anthony,davis,wilson,27893
02787498,kathy,vinton,beaufort,28516
04600006,jennifer,butner,king,27021
05749015,marsha,moore,graham,27253
04066138,cameron,dejong,charlotte,28215
05609069,jewel,lee,youngsville,27596
02783391,bernard,mcgrew,kill devil hills,27948
02848361,patricia,patawaran,hope mills,28348
02738345,ileno,zona,charlotte,28226
03099952,elizabeth,hartsock,cary,27518
01860964,julie,aiken,balsam grove,28708
02093843,christopher,stevens,westfield,27053
01007622,michael,tysor,sanford,27330
00869225,william,carr,bethel,27812
05479740,sean,verity,jacksonville,28540
07298821,karen,leadman,wilmington,28401
03358234,charles,boddie,charlotte,28226
06146958,eric,inazia,durham,27707
06424099,michael,helm,oak ridge,27310
04679261,laura,jollay,lexington,27295
08187093,antonio,hedgepeth,durham,27703
01311427,van,brewer,dallas,28034
04786995,indie,harris,raleigh,27615
01976671,john,barr,west jefferson,28694
04977696,richard,roberts,matthews,28104
04727632,rita,desai,fayetteville,28305
02358277,jassen,phillips,morganton,28655
06560318,eugene,mcalister,indian trail,28079
02117896,douglas,mitchell,charlotte,28212
04438183,douglas,burt,raleigh,27604
03059465,karen,graham,greensboro,27455
03562960,alvin,parks,greensboro,27403
03746716,steven,rackley,burgaw,28425
07159450,stephen,celtrick,hendersonville,28791
03328381,kay,biggers,graham,27253
03178604,james,gress,clemmons,27012
02216065,robert,riddle,huntersville,28078
06926381,ian,huffnagle,greenville,27858
08050456,katie,learned,raleigh,27614
03765814,william,gary,charlotte,28226
01849988,terry,frye,greensboro,27410
00563156,paul,geer,bennett,27208
06197363,martin,turk,gates,27937
03381445,derek,schujahn,durham,27713
03387006,mary,dula,lenoir,28645
07270621,joseph,flynn,fletcher,28732
06387446,rufus,johnson,roanoke rapids,27870
06959845,brittany,winters,swannanoa,28778
03723848,leonard,baugham,north wilkesboro,28659
03395824,patricia,mccabe,concord,28027
04517840,megan,locklear,red springs,28377
02020992,keith,sullivan,moyock,27958
07145495,terry,hill,new bern,28562
07679704,priscilla,dendy,clyde,28721
03097611,iris,motley,raleigh,27603
04204828,denise,gratti,raleigh,27616
07183378,diamond,mcmillian,charlotte,28208
02786270,kenneth,guns,kill devil hills,27948
03255523,gina,suarez,chapel hill,27516
07729490,latrica,ducasse,jacksonville,28546
00241093,gilmer,phillips,elkin,28621
04842760,timothy,house,greenville,27834
00903193,barbara,fornville,greenville,27834
06540748,richard,green,lincolnton,28092
06843238,laura,oxendine,lumberton,28358
00820759,james,mclaurin,charlotte,28269
03473619,eddie,high,raleigh,27610
06923946,darrell,blackman,clayton,27520
04141351,julia,klewer,holly springs,27540
00716080,larry,matthews,charlotte,28210
01852283,melanie,gurley,durham,27713
03359790,dorothy,leopard,asheville,28806
02019765,cathy,brewer,charlotte,28209
00607229,mack,griffin,morganton,28655
07936560,joe,edwards,high point,27262
04254563,amber,harris,raleigh,27617
07802492,matthew,nicholson,mt olive,28365
07365532,antigoni,xouris,cary,27519
01628793,gerald,palmer,winston salem,27101
05609414,miles,strickland,charlotte,28206
05366371,kelly,birkenhauer,willow spring,27592
07175682,dwayne,washington,greensboro,27411
01878761,lefran,cole,greensboro,27406
01094739,robert,robinette,stoneville,27048
02407425,crystal,delgado,greensboro,27406
06935031,wendy,newman,charlotte,28273
02167034,linda,powell,raeford,28376
03388547,stephen,hunt,manson,27553
00394139,helen,glover,siler city,27344
03012660,cynthia,sharpe,greensboro,27410
07963364,megan,faircloth,fayetteville,28306
03775735,james,cayton,edward,27821
01245603,janice,southards,thomasville,27360
05762615,philip,masonoff,charlotte,28278
06006276,jasmine,boyd,ellerbe,28338
07899121,jerry,burgin,jonas ridge,28641
01306726,terry,chubirko,mt pleasant,28124
02950202,angela,chavis,butner,27509
05748449,darryl,montgomery,shelby,28150
01533622,reginald,hunter,spencer,28159
08031589,shawn,michael,hickory,28601
02137059,christopher,williams,louisburg,27549
00022817,harry,hollifield,rural hall,27045
01029404,samuel,richardson,pfafftown,27040
07758521,jean,gaskins,new bern,28560
05832128,octavia,wright,hope mills,28348
01761975,joyce,garris,concord,28025
01769638,teresa,milner,winnabow,28479
00157817,bobby,farris,dallas,28034
00537311,william,goodwin,monroe,28112
02711872,marla,couch,roaring river,28669
06101041,sarah,simihtsi,mount airy,27030
06293400,kalyn,dudley,knightdale,27545
03079409,william,mccallum,wake forest,27587
03231086,jeff,simpson,concord,28025
00684697,maggie,anderson,whitakers,27891
04521621,jennifer,jones,jacksonville,28540
06954370,timothy,sookram,chapel hill,27514
01535375,william,moore,whiteville,28472
03423192,brandon,barnes,maxton,28364
07807027,tramaine,dean,charlotte,28227
06148478,lakeisha,griffin,henderson,27537
01455791,doyle,calhoun,linwood,27299
06446052,aaron,swan,charlotte,28205
07451627,roshunda,tillman,wadesboro,28170
05794961,delilah,dingle,charlotte,28215
04723862,kristen,cowhey,chapel hill,27517
04197490,steven,ackermann,charlotte,28210
02648665,kenneth,mccormack,hendersonville,28792
04259842,rhonda,young,raleigh,27603
00140689,larry,freeze,cleveland,27013
03003541,shirley,canty,charlotte,28270
01222427,henry,loving,monroe,28110
04549806,steve,chang,charlotte,28273
07786523,james,beard,asheboro,27203
07790869,sara,smith,winston salem,27103
04735312,stephanie,page,morrisville,27560
05828480,stevie,longnecker,wilmington,28409
04336448,jonathan,stewart,hope mills,28348
05550305,george,simon,charlotte,28227
06091114,justin,williams,charlotte,28223
04920587,christopher,hedgecock,trinity,27370
07926745,joanne,doyle,cornelius,28031
07746055,sarah,wilt,cary,27513
07166521,josie,hartman,huntersville,28078
03065772,leondra,radford,newton,28658
02527033,russell,sass,carolina shores,28467
00587807,randy,young,danbury,27016
01176232,patrick,barber,fayetteville,28311
04124657,christine,boyle,chapel hill,27516
06263928,bryant,eatmon,smithfield,27577
03681885,james,fuller,goldsboro,27534
07276615,jennifer,timmons,hillsborough,27278
02885884,belinda,winchester,whitsett,27377
04147683,patrick,mckinney,asheboro,27205
05777662,charlie,holland,richfield,28137
02250920,valerie,hicks,garner,27529
01941635,bradford,calcote,benson,27504
01752010,diana,oaks,shelby,28152
04077442,clare,duncan,statesville,28625
04008117,ervin,coleman,carthage,28327
02059361,laura,ford,thomasville,27360
07441892,barbara,sammy,fayetteville,28312
03838463,dustin,mower,concord,28027
01070439,john,crouch,charlotte,28211
03731823,jacqueline,carr,asheville,28803
00116209,donald,mears,elon,27244
05609615,brittney,silver,rocky mount,27804
03669764,keith,dodson,moyock,27958
01815395,barney,talley,winston salem,27105
05012445,chase,bitler,havelock,28532
05757501,hannah,minick,blowing rock,28605
05933203,andrew,meadors,chapel hill,27514
05143750,ashley,foye,goldsboro,27530
07129052,brittany,jarman,kinston,28504
04690259,danielle,de ascencio,franklinton,27525
00461767,wilbert,bailey,knightdale,27545
02820732,larry,caldwell,mooresville,28117
06308776,dominique,merideth,durham,27707
02144857,donna,holden,charlotte,28210
05803854,keith,vanner,fayetteville,28304
06853165,stephen,reynolds,fayetteville,28314
03026219,robert,smith,mooresville,28117
01689901,clara,stanley,greensboro,27410
00825181,janice,pointer,durham,27713
03935522,armon,wooten,rocky mount,27801
01284841,queen,harrell,ahoskie,27910
00348012,christine,gardner,smithfield,27577
08065683,michael,turner,jackson springs,27281
01801941,raymond,patterson,raleigh,27603
04483042,john,millage,salisbury,28146
04344250,nancy,white,kernersville,27284
03267199,ryan,faw,raleigh,27604
01093618,gregory,shoe,rougemont,27572
00928796,ella,moore,hamlet,28345
00197973,elizabeth,smith,winston salem,27127
04283608,jeffrey,minchew,rocky mount,27801
05572430,mary,kiger,walnut cove,27052
07338064,joshua,dancy,durham,27707
06662311,michael,mcintyre,spruce pine,28777
00697206,charles,stokes,greenville,27858
05548103,kenneth,talley,pfafftown,27040
07105404,andre,peterkin,charlotte,28212
01609005,theda,hale,high point,27265
07768640,thomas,griffies,roanoke rapids,27870
04011125,mary,witherspoon,greenville,27834
02668607,phillip,hackney,lexington,27295
02297276,michael,clack,cherryville,28021
02365354,towanna,jones,charlotte,28204
00931087,bruce,robinson,mills river,28759
01460486,brian,stephens,iron station,28080
06950649,elizabeth,ward,charlotte,28203
03480694,marie,slusser,huntersville,28078
05455750,lisa,harris,goldsboro,27530
03679229,timothy,mcevoy,cary,27513
01647013,sean,stanley,indian trail,28079
02010206,george,starnes,waxhaw,28173
00724155,juanita,keaton,harmony,28634
00088238,james,slaton,gastonia,28054
02603049,james,betz,goldsboro,27530
01209314,jack,tatum,rocky mount,27803
04734999,sally,mcnamee,cary,27519
00273936,william,conner,fairview,28730
03559487,adam,silberstein,durham,27705
05717182,elliott,tepper,southport,28461
05282039,deanna,overbay,boiling spring lakes,28461
03586710,rachard,mcintyre,wilmington,28409
02968863,gabrielle,charles,tarboro,27886
01590740,charles,hoyle,shelby,28152
04771504,kristen,ryba,wrightsville beach,28480
03987130,megan,brake,charlotte,28223
08194091,renee,obriant,durham,27703
07363141,mellanne,porter,cary,27519
05041258,juan,marti,burlington,27217
00927659,gary,lail,connelly springs,28612
05229601,laura,santos,winston salem,27107
06557976,james,diggs,sanford,27330
06885341,chrystal,starbird,pittsboro,27312
00593933,philiaw,parker,dobson,27017
06842731,joshua,panek,greensboro,27410
07635038,austin,holiday,winston-salem,27107
06692161,linda,jones,elizabeth city,27909
05526635,daniel,como,monroe,28112
04598464,jillian,long,wilmington,28409
03269726,amanda,bauer,raleigh,27613
07065180,jordan,gentry,clyde,28721
02368799,james,fairfull,wilmington,28403
01389147,carolyn,mcgill,charlotte,28270
02503392,lenora,frederick,warsaw,28398
04321736,brandon,hayes,charlotte,28210
05787336,walter,tyson,farmville,27828
00479723,tillman,knight,cerro gordo,28430
06437612,stewart,harper,greensboro,27405
06757561,sheddrick,russell,greensboro,27407
00483436,nita,beaver,mooresboro,28114
04043037,larry,armistead,durham,27705
06826662,jeffery,flowers,lexington,27295
01307124,john,stanley,concord,28025
03195667,doris,creech,kenly,27542
03039307,joe,green,durham,27703
06623150,john,nichols,cary,27513
01794999,rita,crews,cary,27511
03179779,jeri,burdett,asheville,28806
04451505,shandelyn,porter,durham,27713
04864575,samantha,clanton,fayetteville,28301
03882808,kurt,pearce,garner,27529
05102341,antonio,pugh,scotland neck,27874
02644054,jill,mcnally,willow spring,27592
05952935,janay,walker,greensboro,27401
04435658,phoua,lee,albemarle,28001
04722327,evelyn,turner,raleigh,27615
07211460,latorya,watlington,burlington,27217
01669399,emily,hughes,thomasville,27360
05927836,garland,bass,roxboro,27574
03825360,terry,crowder,spruce pine,28777
04923139,elinet,vega,archdale,27263
07036634,wade,moore,mcleansville,27301
02722668,gloria,denton,zebulon,27597
00748805,david,overcash,concord,28027
03427270,margaret,annunziata,winston-salem,27127
01239500,richard,jenkins,durham,27707
04555072,david,furin,durham,27705
02110729,james,pearce,battleboro,27809
00042638,john,whitley,wilson,27896
05291990,kaylen,edwards,greenville,27858
03243757,jason,mcmahan,jamestown,27282
08047341,allison,rose,durham,27708
07778809,kristen,lyell,chapel hill,27514
07751485,robbie,williams,fayetteville,28301
05132961,carrie,wright,jacksonville,28540
08219983,kristina,marshburn,winterville,28590
04252317,barbara,harwell,kings mountain,28086
05440832,christy,brown,kernersville,27284
05936670,richard,robinson,granite falls,28630
07527323,heather,prince,wilmington,28401
03726627,mary,absher,sunset beach,28468
00693019,angela,collins,lincolnton,28092
02364975,anniel,mitchener,middlesex,27557
04622986,ylenia,sharif,raleigh,27609
03454652,james,mcleod,boone,28607
02575486,anna,morton,mount airy,27030
05939554,gwendolyn,stroman,henderson,27537
03840723,david,tuman,new bern,28562
06155231,latavia,miller,raleigh,27606
06926463,richard,chmura,lumberton,28360
05351017,travis,spicer,elkin,28621
06052479,betty,wise,charlotte,28216
05357833,johnny,guffey,cove city,28523
00233063,ellen,cheek,lenoir,28645
03019605,kenneth,gilmore,charlotte,28227
02636525,william,harris,greensboro,27405
07165255,daniel,ingram,mount airy,27030
03577794,ronald,perryman,willard,28478
05203519,russell,hale,huntersville,28078
02246326,rashad,dark,butner,27509
04829205,dorothy,voyles,waxhaw,28173
02234187,susan,morrison,cary,27511
07664191,radhika,makati,charlotte,28278
04385386,ashley,holloman,walstonburg,27888
03451960,kimberley,norris,canton,28716
04614141,jonathan,smith,morven,28119
01416627,josefina,spainhour,jefferson,28640
06918311,mindy,hill,winterville,28590
05234333,julian,hutchinson,fayetteville,28314
02978179,stephanie,hilderbran,mount holly,28120
05724025,robert,lynn,asheville,28801
00564933,steven,brewer,conover,28613
07960541,teresa,wilkins,enfield,27823
04092073,renee,wise,concord,28025
02403892,kelly,rodriguez,greensboro,27405
04125231,bradley,cauthen,raleigh,27608
04263798,billy,philyaw,boonville,27011
01430131,tommy,hill,durham,27713
03724070,seth,redmon,durham,27713
03383496,james,chesnutt,washington,27889
07872854,rita,genao,kings mountain,28086
05205172,janet,garza,linden,28356
02705699,mary,skinner,asheville,28801
00541591,sabra,gaffney,kings mountain,28086
04554195,jenny,snow,high point,27265
07441134,karen,hoscila,roanoke rapids,27870
00023573,walter,spencer,high point,27265
03695804,theresa,hilton,charlotte,28215
05845907,alvely,zoumis,fort bragg,28307
05104654,timothy,thomas,shelby,28150
07719832,dionta,moody,monroe,28110
07961639,kiersten,smith,kinston,28504
08214250,garrison,underwood,raleigh,27610
02588471,diane,schmidt,fayetteville,28312
02563149,linda,miller,morehead city,28557
07905704,jared,cruz,matthews,28105
01210519,kevin,grant,salisbury,28144
03502198,elizabeth,tally,randleman,27317
07421775,sue,padgett,dunn,28334
04835943,tamara,smith,pfafftown,27040
06984258,cynthia,doreao,taylorsville,28681
06398780,helen,sowell,concord,28027
05572128,shalisha,moye,greenville,27858
00461247,evander,baker,cary,27511
08084951,tamesha,mcpherson,burlington,27217
02074649,david,mease,canton,28716
05560868,leron,prescod,charlotte,28215
02020408,brenda,sherrod,princeville,27886
03671596,william,hart,laurinburg,28352
02279414,yvonne,walters,north wilkesboro,28659
04292971,annie,toney,roanoke rapids,27870
06503643,allison,benitez,durham,27703
02017093,ronnie,doss,sanford,27332
00359686,norma,rogers,asheville,28806
08160650,carmen,jernigan,goldsboro,27530
06624124,timothy,campbell,raleigh,27613
02351796,mary,burris,gastonia,28052
04674292,charles,stewart,efland,27243
02637360,tanya,strickland,garner,27529
02703741,michael,wilson,charlotte,28207
02591415,michael,phillips,charlotte,28208
06428017,charles,smith,greensboro,27407
02821032,jill,newman,greensboro,27407
07964804,randall,stinson,pisgah forest,28768
01409676,susan,mccarson,candler,28715
06097744,stephen,lesniewski,shallotte,28470
03996537,carleslie,saunders,yanceyville,27379
03850577,shannon,stephens,castalia,27816
03961263,kirtesh,patel,morrisville,27560
04355824,lindsey,poulos,greensboro,27403
07332830,nichole,jones,burlington,27215
00665736,brenda,soderlund,greensboro,27408
02597025,antonio,williams,winston salem,27105
06289364,kelly,harris,raleigh,27606
03908789,renek,mcilwaine,charlotte,28216
07051971,karen,knott,swan quarter,27885
03604801,david,fraley,high point,27265
07223729,tanariz,mure,wilmington,28405
05055379,jessica,golden,winston salem,27106
01250700,dock,mcgee,leasburg,27291
05980057,leslie,triplett,morganton,28655
02749616,donna,swain,greenville,27858
02817090,james,russell,denton,27239
04408562,tiffany,marcano,raleigh,27612
05325573,cynthia,ellis,east bend,27018
03904486,roxanne,armstrong,wilson,27896
04523100,brittainy,mccorkle,newton,28658
04412303,donna,jones,winston salem,27106
06356751,leonard,brown,raleigh,27606
00232309,lottie,pressley,candler,28715
05813597,nicolas,laster,charlotte,28205
02867151,cheryl,pierce,charlotte,28277
07755897,marcus,zurawski,raleigh,27610
04639371,angela,rice,fairview,28730
00799824,zane,osnoe,fayetteville,28312
04311922,sandra,whitley,hiddenite,28636
07458600,crystal,casparis,fort bragg,28307
01264112,grant,lowe,high point,27265
05948407,wesley,sams,jamestown,27282
06363612,sheila,taylor,pleasant garden,27313
03709422,frank,tino,indian trail,28079
01244038,emma,ramseur,maiden,28650
07114379,william,morgan,lumberton,28358
02140255,riley,lanier,jacksonville,28540
06902031,emily,nifong,clemmons,27012
01701497,jon,cole,wilmington,28405
02119004,christina,gardner,spruce pine,28777
01832478,william,shillito,newton,28658
06777272,courtney,williams,raleigh,27609
06111149,susan,pierson,charlotte,28211
06843214,daron,huebsch,tarawa terrace,28543
04185476,michael,creech,holly springs,27540
02527461,danielle,kane,fayetteville,28304
00090714,benjamin,young,rural hall,27045
01466679,doris,futrell,wallace,28466
00895709,dorothy,miller,hendersonville,28791
01873050,carol,stephenson,asheville,28806
00858747,wanda,warren,clinton,28328
01752160,joni,wade,greensboro,27410
02233269,louis,seymour,fayetteville,28301
05660988,grace,deberry,denton,27239
02466906,karen,spangler,shelby,28150
03164149,justin,paglusch,rocky mount,27804
02163744,jeffrey,long,asheville,28806
08084976,joel,skillern,durham,27704
01619029,tamara,teal,wadesboro,28170
02393072,chad,dunlap,salisbury,28144
03880372,darcy,montague,charlotte,28212
02426611,christy,cassell,mount airy,27030
02915382,john,bray,wilkesboro,28697
05175841,davis,small,winston salem,27107
01445139,james,griggs,winterville,28590
02579031,jerry,finney,shelby,28152
08231003,hope,westerfield,charlotte,28202
00939170,gary,hensley,candler,28715
00997432,sylvenia,anderson,mebane,27302
02733112,lois,ulrich,west jefferson,28694
06458476,gilda,hernandez,apex,27502
04439216,holly,richardson,north wilkesboro,28659
00305028,ray,carlyle,zebulon,27597
05461881,stephen,mercer,fayetteville,28303
07875892,brittany,chaney,kill devil hills,27948
05111736,christina,payne,wilmington,28403
02986218,johnny,faassen,monroe,28112
01891595,gayle,walker,charlotte,28269
05419140,paul,gallet de st aurin,indian trail,28079
05038374,aurborn,stanley,longwood,28452
01978978,doris,myers,tobaccoville,27050
03684482,david,tarlton,monroe,28112
05873870,malorie,igo,greensboro,27455
02177911,lieselotte,kemper,durham,27705
01364092,steven,wall,raleigh,27610
06984739,kimberly,ruiz,winterville,28590
04351715,brenda,candler,arden,28704
04669061,alan,goldston,franklin,28734
06500963,kelly,green,charlotte,28277
05563883,gralin,berry,gastonia,28052
04027084,gregory,hammond,chadbourn,28431
08141262,shawn,mitchell,raleigh,27605
04742760,emily,belcher,monroe,28110
01628914,rachel,lapham,granite quarry,28072
04426291,heather,troutman,hickory,28601
02789745,gary,greene,lenoir,28645
00607093,deborah,smith,hudson,28638
07924267,cynthia,demontigny,huntersville,28078
07214907,trevor,hawkins,winston salem,27106
06617712,ricky,mcdonald,arden,28704
06330719,robert,laundon,chapel hill,27514
06016189,brandon,alexander,greensboro,27403
01631362,windy,owens,greensboro,27407
00309593,kenneth,houck,hendersonville,28791
06891647,joseph,brown,gastonia,28056
06973588,sarah,weaver,durham,27705
07361260,celeste,wilson,charlotte,28217
06736112,audrey,hiatt,mount airy,27030
02338119,delaine,gattison,charlotte,28212
07550522,carlos,herrera,durham,27707
07118242,christopher,money,king,27021
04765932,nathanael,gatlin,durham,27712
07666949,brook,okasia,fort bragg,28307
00324536,rena,welborn,wilkesboro,28697
04146065,charles,beckelheimer,vanceboro,28586
01476677,alice,corbett,wilmington,28401
06109887,marcus,leach,liberty,27298
03993340,winfred,scott,concord,28027
06751464,densay,sengsoulavong,wilmington,28403
07740616,stephen,stickle,waxhaw,28173
06305763,jesse,yoho,richlands,28574
07694247,carolyn,britt,biscoe,27209
03642579,ann,kitchen,smithfield,27577
06425538,bobby,roberts,trinity,27370
08205751,victor,beltran carranza,angier,27501
05184124,cory,johnson,fuquay varina,27526
04158833,cynthia,bradley,old fort,28762
01148191,sherri,salter,jamestown,27282
